utilA;utilB;utilSum;contract;pareto;index
2094;7297;9391;[50,172,12,22,26,178,147,3,2,130,84,117,77,112,109,118,66,157,103,105,74,188,93,31,6,87,167,61,45,138,41,49,78,128,42,57,37,121,162,126,143,160,91,1,33,124,94,196,36,182,140,92,82,23,189,81,0,85,104,20,146,193,9,144,170,95,38,139,19,46,51,149,34,194,180,123,176,67,32,72,163,25,70,65,16,190,11,113,156,71,165,184,174,8,173,18,131,110,101,59,80,100,30,134,148,195,97,58,175,151,7,191,181,68,198,142,137,158,54,52,119,187,39,107,55,14,13,111,132,89,75,4,15,135,53,183,69,159,164,90,28,155,73,99,106,136,115,152,35,161,102,86,133,76,122,116,44,125,145,56,21,108,192,40,169,129,29,154,60,177,27,43,127,96,171,141,98,114,64,79,179,47,88,5,186,199,83,153,166,24,150,10,185,62,120,197,168,17,48,63];True;9903.0
2075;7317;9392;[50,172,12,22,26,178,147,3,2,130,84,117,77,112,109,118,66,157,103,105,74,188,93,31,6,0,167,61,45,138,41,49,78,128,42,57,37,121,162,126,143,160,91,1,33,124,94,196,36,182,140,92,82,23,189,81,87,85,104,20,146,193,9,144,170,95,38,139,19,46,51,149,34,194,180,123,176,67,32,72,163,25,70,65,16,190,11,113,156,71,165,184,174,8,173,18,131,110,101,59,80,100,30,134,148,195,97,58,175,151,7,191,181,68,198,142,137,158,54,52,119,187,39,107,55,14,13,111,132,89,75,4,15,135,53,183,69,159,164,90,28,155,73,99,106,136,115,152,35,161,102,86,133,76,122,116,44,125,145,56,21,108,192,40,169,129,29,154,60,177,27,43,127,96,171,141,98,114,64,79,179,47,88,5,186,199,83,153,166,24,150,10,185,62,120,197,168,17,48,63];True;9906.0
2119;7276;9395;[50,172,12,22,26,93,147,3,2,130,84,117,77,112,109,118,66,157,103,105,74,188,144,31,6,87,167,61,45,138,41,49,78,128,42,57,37,121,162,126,143,160,91,1,33,124,94,196,36,182,140,92,82,23,189,81,0,85,104,20,146,193,9,178,170,95,38,139,19,46,51,149,34,194,180,123,176,67,32,72,163,25,70,65,16,190,11,113,156,71,165,184,174,8,173,18,131,110,101,59,80,100,30,134,148,195,97,58,175,151,7,191,181,68,198,142,137,158,54,52,119,187,39,107,55,14,13,111,132,89,75,4,15,135,53,183,69,159,164,90,28,155,73,99,106,136,115,152,35,161,102,86,133,76,122,116,44,125,145,56,21,108,192,40,169,129,29,154,60,177,27,43,127,96,171,141,98,114,64,79,179,47,88,5,186,199,83,153,166,24,150,10,185,62,120,197,168,17,48,63];True;9899.0
2104;7291;9395;[50,172,12,22,26,178,147,3,2,130,84,117,77,112,109,118,66,157,103,105,74,188,144,31,6,87,167,61,45,138,41,49,78,128,42,57,37,121,162,126,143,160,91,1,33,124,94,196,36,182,140,92,82,23,189,81,0,85,104,20,146,193,9,93,170,95,38,139,19,46,51,149,34,194,180,123,176,67,32,72,163,25,70,65,16,190,11,113,156,71,165,184,174,8,173,18,131,110,101,59,80,100,30,134,148,195,97,58,175,151,7,191,181,68,198,142,137,158,54,52,119,187,39,107,55,14,13,111,132,89,75,4,15,135,53,183,69,159,164,90,28,155,73,99,106,136,115,152,35,161,102,86,133,76,122,116,44,125,145,56,21,108,192,40,169,129,29,154,60,177,27,43,127,96,171,141,98,114,64,79,179,47,88,5,186,199,83,153,166,24,150,10,185,62,120,197,168,17,48,63];True;9900.0
2112;7286;9398;[50,172,12,22,26,93,147,3,2,130,84,117,77,112,109,118,66,157,103,105,74,188,144,31,6,87,167,61,45,138,41,49,78,128,42,57,37,121,162,126,143,160,91,1,33,124,94,196,36,182,140,92,82,23,189,81,0,85,104,46,146,193,9,178,170,95,38,139,19,20,51,149,34,194,180,123,176,67,32,72,163,25,70,65,16,190,11,113,156,71,165,184,174,8,173,18,131,110,101,59,80,100,30,134,148,195,97,58,175,151,7,191,181,68,198,142,137,158,54,52,119,187,39,107,55,14,13,111,132,89,75,4,15,135,53,183,69,159,164,90,28,155,73,99,106,136,115,152,35,161,102,86,133,76,122,116,44,125,145,56,21,108,192,40,169,129,29,154,60,177,27,43,127,96,171,141,98,114,64,79,179,47,88,5,186,199,83,153,166,24,150,10,185,62,120,197,168,17,48,63];True;9896.0
2091;7310;9401;[50,172,12,22,26,178,147,3,2,130,84,175,77,112,109,118,66,157,103,105,74,188,93,31,6,87,167,61,45,138,41,49,78,128,42,57,37,121,162,126,143,160,91,1,33,124,94,196,36,182,140,92,82,23,189,81,0,85,104,20,146,193,9,144,170,95,38,139,19,46,51,149,34,194,180,123,176,67,32,72,163,25,70,65,16,190,11,113,156,71,165,184,174,8,173,18,131,110,101,59,80,100,30,134,148,195,97,58,117,151,7,191,181,68,198,142,137,158,54,52,119,187,39,107,55,14,13,111,132,89,75,4,15,135,53,183,69,159,164,90,28,155,73,99,106,136,115,152,35,161,102,86,133,76,122,116,44,125,145,56,21,108,192,40,169,129,29,154,60,177,27,43,127,96,171,141,98,114,64,79,179,47,88,5,186,199,83,153,166,24,150,10,185,62,120,197,168,17,48,63];True;9904.0
2072;7330;9402;[50,172,12,22,26,178,147,3,2,130,84,175,77,112,109,118,66,157,103,105,74,188,93,31,6,0,167,61,45,138,41,49,78,128,42,57,37,121,162,126,143,160,91,1,33,124,94,196,36,182,140,92,82,23,189,81,87,85,104,20,146,193,9,144,170,95,38,139,19,46,51,149,34,194,180,123,176,67,32,72,163,25,70,65,16,190,11,113,156,71,165,184,174,8,173,18,131,110,101,59,80,100,30,134,148,195,97,58,117,151,7,191,181,68,198,142,137,158,54,52,119,187,39,107,55,14,13,111,132,89,75,4,15,135,53,183,69,159,164,90,28,155,73,99,106,136,115,152,35,161,102,86,133,76,122,116,44,125,145,56,21,108,192,40,169,129,29,154,60,177,27,43,127,96,171,141,98,114,64,79,179,47,88,5,186,199,83,153,166,24,150,10,185,62,120,197,168,17,48,63];True;9905.0
2050;7362;9412;[50,172,12,22,26,178,147,3,2,130,84,117,77,112,109,118,66,157,103,105,74,188,93,31,6,0,101,61,45,138,41,49,78,128,42,57,37,121,162,126,143,160,91,1,33,124,94,196,36,182,140,92,82,23,189,81,87,85,104,20,146,193,9,144,170,95,38,139,19,46,51,149,34,194,180,123,176,67,32,72,163,25,70,65,16,190,11,113,156,71,165,184,174,8,173,18,131,110,167,59,80,100,30,134,148,195,97,58,175,151,7,191,181,68,198,142,137,158,54,52,119,187,39,107,55,14,13,111,132,89,75,4,15,135,53,183,69,159,164,90,28,155,73,99,106,136,115,152,35,161,102,86,133,76,122,116,44,125,145,56,21,108,192,40,169,129,29,154,60,177,27,43,127,96,171,141,98,114,64,79,179,47,88,5,186,199,83,153,166,24,150,10,185,62,120,197,168,17,48,63];True;9911.0
2047;7375;9422;[50,172,12,22,26,178,147,3,2,130,84,175,77,112,109,118,66,157,103,105,74,188,93,31,6,0,101,61,45,138,41,49,78,128,42,57,37,121,162,126,143,160,91,1,33,124,94,196,36,182,140,92,82,23,189,81,87,85,104,20,146,193,9,144,170,95,38,139,19,46,51,149,34,194,180,123,176,67,32,72,163,25,70,65,16,190,11,113,156,71,165,184,174,8,173,18,131,110,167,59,80,100,30,134,148,195,97,58,117,151,7,191,181,68,198,142,137,158,54,52,119,187,39,107,55,14,13,111,132,89,75,4,15,135,53,183,69,159,164,90,28,155,73,99,106,136,115,152,35,161,102,86,133,76,122,116,44,125,145,56,21,108,192,40,169,129,29,154,60,177,27,43,127,96,171,141,98,114,64,79,179,47,88,5,186,199,83,153,166,24,150,10,185,62,120,197,168,17,48,63];True;9910.0
2177;7247;9424;[50,123,146,4,46,109,147,3,2,130,84,117,77,112,178,118,66,157,103,105,74,188,144,31,6,87,167,61,45,138,41,49,78,128,42,57,37,121,162,126,143,160,91,1,33,124,94,196,36,44,140,92,82,23,189,81,0,85,22,26,176,193,9,93,170,95,38,139,19,20,51,149,34,194,180,172,12,67,32,72,163,25,70,65,16,190,195,113,156,71,165,184,174,8,173,18,131,110,101,59,80,100,30,134,148,11,97,58,175,151,7,191,181,68,198,142,137,158,54,52,119,187,39,107,55,14,13,111,132,89,75,129,15,135,53,183,69,159,164,90,28,155,73,99,106,136,115,152,35,161,102,86,133,76,122,116,104,125,145,56,21,108,192,40,169,182,29,154,60,177,27,43,127,96,171,141,98,114,64,79,179,47,88,5,186,199,83,153,166,24,150,10,185,62,120,197,168,17,48,63];True;9852.0
2067;7358;9425;[50,172,12,22,26,178,147,3,2,130,84,117,77,112,109,118,66,157,103,105,74,188,93,31,6,87,167,61,45,138,41,49,78,128,42,57,37,121,162,126,143,160,91,1,33,124,94,196,36,44,140,92,82,23,189,81,0,85,104,46,146,193,9,144,170,95,38,139,19,20,51,149,34,194,180,123,176,67,32,72,163,25,70,65,16,190,11,113,156,71,165,184,174,8,173,18,131,110,101,59,80,100,30,134,148,195,97,58,175,151,7,191,181,68,198,142,137,158,54,52,119,187,39,107,55,14,13,111,132,89,75,4,15,135,53,183,69,159,164,90,28,155,73,99,106,136,115,152,35,161,102,86,133,76,122,116,182,125,145,56,21,108,192,40,169,129,29,154,60,177,27,43,127,96,171,141,98,114,64,79,179,47,88,5,186,199,83,153,166,24,150,10,185,62,120,197,168,17,48,63];True;9879.0
2159;7272;9431;[50,102,12,22,26,93,147,3,2,130,84,117,77,112,109,118,66,157,103,105,74,188,144,31,6,87,167,61,45,138,41,49,78,128,42,57,37,121,162,126,143,160,91,1,33,124,94,196,36,182,140,92,82,23,189,81,0,85,104,20,146,193,9,178,170,95,38,139,19,46,51,149,34,194,180,123,176,67,32,72,163,25,70,65,16,190,11,113,156,71,165,184,174,8,173,18,131,110,101,59,80,100,30,134,148,195,97,58,175,151,7,191,181,68,198,142,137,158,54,52,119,187,39,107,55,14,13,111,132,89,75,4,15,135,53,183,69,159,164,90,28,155,73,99,106,136,115,152,35,161,172,86,133,76,122,116,44,125,145,56,21,108,192,40,169,129,29,154,60,177,27,43,127,96,171,141,98,114,64,79,179,47,88,5,186,199,83,153,166,24,150,10,185,62,120,197,168,17,48,63];True;9898.0
2045;7391;9436;[50,172,12,22,26,178,147,3,2,130,84,175,77,112,109,118,66,157,103,105,74,188,93,31,6,0,167,61,45,138,41,49,78,128,42,57,37,121,162,126,143,160,91,1,33,124,94,196,36,44,140,92,82,23,189,81,87,85,104,46,146,193,9,144,170,95,38,139,19,20,51,149,34,194,180,123,176,67,32,72,163,25,70,65,16,190,11,113,156,71,165,184,174,8,173,18,131,110,101,59,80,100,30,134,148,195,97,58,117,151,7,191,181,68,198,142,137,158,54,52,119,187,39,107,55,14,13,111,132,89,75,4,15,135,53,183,69,159,164,90,28,155,73,99,106,136,115,152,35,161,102,86,133,76,122,116,182,125,145,56,21,108,192,40,169,129,29,154,60,177,27,43,127,96,171,141,98,114,64,79,179,47,88,5,186,199,83,153,166,24,150,10,185,62,120,197,168,17,48,63];True;9883.0
2202;7237;9439;[50,123,146,4,193,109,147,3,2,130,84,117,77,112,178,118,66,157,103,105,74,188,144,31,6,87,167,61,45,138,41,49,78,128,42,57,37,121,162,126,143,160,91,1,33,124,94,196,36,44,140,92,82,23,189,81,0,85,22,26,176,46,9,93,170,95,38,139,19,20,51,149,34,194,180,172,12,67,32,72,163,25,70,65,16,190,195,113,156,71,165,184,174,8,173,18,131,110,101,59,80,100,30,134,148,11,97,58,175,151,7,191,181,68,198,142,137,158,54,52,119,187,39,107,55,14,13,111,132,89,75,129,15,135,53,183,69,159,164,90,28,155,73,99,106,136,115,152,35,161,102,86,133,76,122,116,104,125,145,56,21,108,192,40,169,182,29,154,60,177,27,43,127,96,171,141,98,114,64,79,179,47,88,5,186,199,83,153,166,24,150,10,185,62,120,197,168,17,48,63];True;9849.0
2218;7224;9442;[50,123,146,193,109,118,147,37,172,12,130,117,77,112,93,184,66,157,103,105,174,188,144,31,6,87,167,61,45,138,41,49,78,128,42,57,3,121,162,126,143,160,91,1,33,124,94,196,36,44,140,92,82,23,189,81,0,85,22,26,176,46,9,178,170,95,38,139,19,20,51,149,34,194,180,4,84,67,32,72,163,25,70,65,16,190,195,113,156,71,165,2,74,8,173,18,131,110,101,59,80,100,30,134,148,11,97,58,175,151,7,191,181,68,198,142,137,158,54,52,119,187,39,107,55,14,13,111,132,89,75,129,15,135,53,183,69,159,164,90,28,155,73,99,106,136,115,152,35,161,102,86,133,76,122,116,104,125,145,56,21,108,192,40,169,182,29,154,60,177,27,43,127,96,171,141,98,114,64,79,179,47,88,5,186,199,83,153,166,24,150,10,185,62,120,197,168,17,48,63];True;9830.0
1992;7451;9443;[118,172,12,22,26,178,147,3,2,130,84,117,77,112,109,24,66,157,103,105,74,188,93,31,6,0,101,61,45,138,41,49,78,128,42,57,37,121,162,126,143,160,91,1,33,124,94,196,36,182,140,92,82,23,189,81,87,85,104,20,146,193,9,144,170,95,38,139,19,46,51,149,34,194,180,123,176,67,32,72,163,25,70,65,16,190,11,113,156,71,165,184,174,8,173,18,131,110,167,59,80,100,30,134,148,195,97,58,175,151,7,191,181,68,198,142,137,158,54,52,119,187,39,107,55,14,13,111,132,89,75,4,15,135,53,183,69,159,164,90,28,155,73,99,106,136,115,152,35,161,102,86,133,76,122,116,44,125,145,56,21,108,192,40,169,129,29,154,60,177,27,43,127,96,171,141,98,114,64,79,179,47,88,5,186,199,83,153,166,50,150,10,185,62,120,197,168,17,48,63];True;9913.0
2038;7406;9444;[180,111,172,132,89,103,105,7,161,35,77,85,62,181,68,36,187,43,165,193,20,188,135,53,183,174,167,61,45,182,65,125,83,128,42,57,37,121,162,71,109,23,0,93,46,146,123,41,88,104,140,17,8,24,169,75,101,147,19,26,176,116,191,149,170,95,38,139,144,51,50,56,21,92,143,3,119,67,32,72,163,25,70,74,198,173,160,190,126,106,91,184,168,31,142,78,131,110,12,59,80,100,30,134,148,11,97,58,151,175,6,1,117,2,87,66,137,158,54,52,112,138,39,107,55,14,194,102,22,195,113,129,15,9,33,13,69,159,164,90,28,155,73,99,16,136,115,152,49,130,18,86,133,76,122,82,34,108,84,4,118,156,192,40,124,94,29,154,60,177,27,185,127,47,171,141,98,114,64,79,179,96,166,5,186,199,81,153,197,189,150,10,145,196,120,178,157,44,48,63];True;9664.0
2035;7410;9445;[50,172,12,22,26,178,147,3,2,130,84,117,77,112,106,118,66,157,103,105,74,188,93,31,6,0,101,61,45,138,41,49,78,128,42,57,37,121,162,126,143,160,91,1,33,124,94,196,36,182,140,92,82,23,189,81,87,85,104,20,146,193,9,144,170,95,38,139,19,46,51,149,34,194,180,123,176,67,32,72,163,25,70,65,16,190,11,113,156,71,165,184,174,8,173,18,131,110,167,59,80,100,30,134,148,195,97,58,175,151,7,191,181,68,198,142,137,158,54,52,119,187,39,107,55,14,13,111,132,89,75,4,15,135,53,183,69,159,164,90,28,155,73,99,109,136,115,152,35,161,102,86,133,76,122,116,44,125,145,56,21,108,192,40,169,129,29,154,60,177,27,43,127,96,171,141,98,114,64,79,179,47,88,5,186,199,83,153,166,24,150,10,185,62,120,197,168,17,48,63];True;9908.0
1999;7448;9447;[180,172,111,132,89,103,105,7,161,35,77,147,12,181,68,97,187,43,165,193,20,188,135,53,183,174,167,61,45,182,65,125,83,128,42,57,37,121,162,71,109,23,0,93,46,146,123,41,88,104,140,17,8,24,169,75,101,85,19,26,176,116,191,149,170,95,38,139,144,51,50,56,21,92,143,3,119,67,32,72,163,25,70,74,198,173,160,190,126,106,91,184,168,31,142,78,131,110,196,59,80,100,30,134,148,2,36,58,151,175,6,1,117,11,87,66,137,158,54,52,112,138,39,107,55,14,194,102,22,113,195,129,15,9,33,13,69,159,164,90,28,155,73,99,16,136,115,152,49,130,18,86,133,76,122,82,34,108,84,4,118,156,192,40,124,94,29,154,60,177,27,185,127,47,171,141,98,114,64,79,179,96,166,5,186,199,81,153,197,189,150,10,145,62,120,178,157,44,48,63];True;9626.0
2224;7223;9447;[50,123,146,118,193,109,147,37,172,12,130,117,77,112,178,2,66,157,103,105,74,188,144,31,6,87,167,61,45,138,41,49,78,128,42,57,3,121,162,126,143,160,91,1,33,124,94,196,36,44,140,92,82,23,189,81,0,85,22,26,176,46,9,93,170,95,38,139,19,20,51,149,34,194,180,4,84,67,32,72,163,25,70,65,16,190,195,113,156,71,165,184,174,8,173,18,131,110,101,59,80,100,30,134,148,11,97,58,175,151,7,191,181,68,198,142,137,158,54,52,119,187,39,107,55,14,13,111,132,89,75,129,15,135,53,183,69,159,164,90,28,155,73,99,106,136,115,152,35,161,102,86,133,76,122,116,104,125,145,56,21,108,192,40,169,182,29,154,60,177,27,43,127,96,171,141,98,114,64,79,179,47,88,5,186,199,83,153,166,24,150,10,185,62,120,197,168,17,48,63];True;9839.0
2249;7198;9447;[50,123,146,118,193,109,147,37,172,12,130,117,77,112,93,184,66,157,103,105,74,188,144,31,6,87,167,61,45,138,41,49,78,128,42,57,3,121,162,126,143,160,91,1,33,124,94,196,36,44,140,92,82,23,189,81,0,85,22,26,176,46,9,178,170,95,38,139,19,20,51,149,34,194,180,4,84,67,32,72,163,25,70,65,16,190,195,113,156,71,165,2,174,8,173,18,131,110,101,59,80,100,30,134,148,11,97,58,175,151,7,191,181,68,198,142,137,158,54,52,119,187,39,107,55,14,13,111,132,89,75,129,15,135,53,183,69,159,164,90,28,155,73,99,106,136,115,152,35,161,102,86,133,76,122,116,104,125,145,56,21,108,192,40,169,182,29,154,60,177,27,43,127,96,171,141,98,114,64,79,179,47,88,5,186,199,83,153,166,24,150,10,185,62,120,197,168,17,48,63];True;9835.0
2033;7415;9448;[50,172,12,22,26,178,147,3,2,130,84,117,77,112,109,24,66,157,103,105,74,188,93,31,6,0,101,61,45,138,41,49,78,128,42,57,37,121,162,126,143,160,91,1,33,124,94,196,36,182,140,92,82,23,189,81,87,85,104,20,146,193,9,144,170,95,38,139,19,46,51,149,34,194,180,123,176,67,32,72,163,25,70,65,16,190,11,113,156,71,165,184,174,8,173,18,131,110,167,59,80,100,30,134,148,195,97,58,175,151,7,191,181,68,198,142,137,158,54,52,119,187,39,107,55,14,13,111,132,89,75,4,15,135,53,183,69,159,164,90,28,155,73,99,106,136,115,152,35,161,102,86,133,76,122,116,44,125,145,56,21,108,192,40,169,129,29,154,60,177,27,43,127,96,171,141,98,114,64,79,179,47,88,5,186,199,83,153,166,118,150,10,185,62,120,197,168,17,48,63];True;9912.0
1991;7457;9448;[90,111,172,132,89,103,105,7,161,35,93,82,12,181,68,97,187,43,165,193,20,188,135,53,183,174,167,61,45,182,65,125,83,128,42,57,37,121,71,162,109,23,0,101,46,124,143,41,88,104,140,17,8,24,169,75,77,85,19,26,176,116,191,149,170,95,38,139,144,51,50,56,21,92,147,3,119,67,32,72,163,25,70,74,198,173,160,190,126,106,91,184,168,31,142,78,131,110,196,59,80,100,30,134,148,2,36,58,151,175,6,1,117,11,87,66,137,158,54,52,112,138,39,107,55,14,194,102,22,195,113,129,15,9,33,13,69,159,164,94,28,155,73,99,16,136,115,152,49,130,18,86,133,76,122,146,180,108,84,4,118,156,192,40,34,123,29,154,60,177,27,185,127,47,171,141,98,114,64,79,179,96,166,5,186,199,81,153,197,189,150,10,145,62,120,178,157,44,48,63];True;9534.0
2023;7428;9451;[123,111,172,132,89,103,105,7,161,35,77,85,62,181,68,36,187,43,165,193,20,188,135,53,183,174,167,61,45,182,65,125,83,128,42,57,37,121,162,71,109,23,0,93,46,146,180,41,88,104,140,17,8,24,169,75,101,147,19,26,176,116,191,149,170,95,38,139,144,51,50,56,21,92,143,3,119,67,32,72,163,25,70,74,198,173,160,190,126,106,91,184,168,31,142,78,131,110,12,59,80,100,30,134,148,11,97,58,151,175,6,1,117,2,87,66,137,158,54,52,112,138,39,107,55,14,194,102,22,195,113,129,15,9,33,13,69,159,164,90,28,155,73,99,16,136,115,152,49,130,18,86,133,76,122,82,34,108,84,4,118,156,192,40,124,94,29,154,60,177,27,185,127,47,171,141,98,114,64,79,179,96,166,5,186,199,81,153,197,189,150,10,145,196,120,178,157,44,48,63];True;9666.0
2007;7445;9452;[180,111,172,132,89,103,105,7,161,35,77,147,12,181,68,97,187,43,165,193,20,188,135,53,183,174,167,61,45,182,65,125,83,128,42,57,37,121,162,71,109,23,0,93,46,146,123,41,88,104,140,17,8,24,169,75,101,85,19,26,176,116,191,149,170,95,38,139,144,51,50,56,21,92,143,3,119,67,32,72,163,25,70,74,198,173,160,190,126,106,91,184,168,31,142,78,131,110,196,59,80,100,30,134,148,2,36,58,151,175,6,1,117,11,87,66,137,158,54,52,112,138,39,107,55,14,194,102,22,113,195,129,15,9,33,13,69,159,164,90,28,155,73,99,16,136,115,152,49,130,18,86,133,76,122,82,34,108,84,4,118,156,192,40,124,94,29,154,60,177,27,185,127,47,171,141,98,114,64,79,179,96,166,5,186,199,81,153,197,189,150,10,145,62,120,178,157,44,48,63];True;9628.0
2032;7423;9455;[50,172,12,22,26,178,147,3,2,130,84,175,77,112,106,118,66,157,103,105,74,188,93,31,6,0,101,61,45,138,41,49,78,128,42,57,37,121,162,126,143,160,91,1,33,124,94,196,36,182,140,92,82,23,189,81,87,85,104,20,146,193,9,144,170,95,38,139,19,46,51,149,34,194,180,123,176,67,32,72,163,25,70,65,16,190,11,113,156,71,165,184,174,8,173,18,131,110,167,59,80,100,30,134,148,195,97,58,117,151,7,191,181,68,198,142,137,158,54,52,119,187,39,107,55,14,13,111,132,89,75,4,15,135,53,183,69,159,164,90,28,155,73,99,109,136,115,152,35,161,102,86,133,76,122,116,44,125,145,56,21,108,192,40,169,129,29,154,60,177,27,43,127,96,171,141,98,114,64,79,179,47,88,5,186,199,83,153,166,24,150,10,185,62,120,197,168,17,48,63];True;9909.0
2029;7427;9456;[50,111,172,132,89,103,105,7,161,35,77,85,62,181,68,36,187,43,165,193,20,188,135,53,183,174,167,61,45,182,65,125,83,128,42,57,37,121,162,71,109,23,0,93,46,146,180,41,88,104,140,17,8,24,169,75,101,147,19,26,176,116,123,149,170,95,38,139,144,51,191,56,21,92,143,3,119,67,32,72,163,25,70,74,198,173,160,190,126,106,91,184,168,31,142,78,131,110,12,59,80,100,30,134,148,11,97,58,151,175,6,1,117,2,87,66,137,158,54,52,112,138,39,107,55,14,194,102,22,195,113,129,15,9,33,13,69,159,164,90,28,155,73,99,16,136,115,152,49,130,18,86,133,76,122,82,34,108,84,4,118,156,192,40,124,94,29,154,60,177,27,185,127,47,171,141,98,114,64,79,179,96,166,5,186,199,81,153,197,189,150,10,145,196,120,178,157,44,48,63];True;9670.0
1987;7471;9458;[118,172,12,22,26,178,147,3,2,130,84,117,77,112,109,24,66,157,103,105,74,188,93,31,6,149,101,61,45,138,41,49,78,128,42,57,37,121,162,126,143,160,91,1,33,124,94,196,36,182,140,92,82,23,189,81,87,85,104,20,146,193,9,144,170,95,38,139,19,46,51,0,34,194,180,123,176,67,32,72,163,25,70,65,16,190,11,113,156,71,165,184,174,8,173,18,131,110,167,59,80,100,30,134,148,195,97,58,175,151,7,191,181,68,198,142,137,158,54,52,119,187,39,107,55,14,13,111,132,89,75,4,15,135,53,183,69,159,164,90,28,155,73,99,106,136,115,152,35,161,102,86,133,76,122,116,44,125,145,56,21,108,192,40,169,129,29,154,60,177,27,43,127,96,171,141,98,114,64,79,179,47,88,5,186,199,83,153,166,50,150,10,185,62,120,197,168,17,48,63];True;9916.0
1875;7584;9459;[50,180,41,22,26,178,120,3,2,130,84,117,77,112,31,29,66,157,103,105,74,188,93,118,147,0,101,61,45,138,167,172,78,128,42,57,37,121,162,126,143,160,91,1,33,124,94,196,36,182,197,92,82,23,189,81,87,85,104,20,146,193,9,144,170,95,38,139,19,194,51,149,34,127,175,123,176,67,32,72,163,25,70,65,16,190,11,113,156,71,165,184,125,8,173,18,131,110,12,59,80,100,30,134,148,195,97,58,6,151,7,191,181,68,198,142,137,158,54,52,119,187,39,107,55,14,13,111,132,89,75,4,15,135,53,183,69,159,164,90,28,155,73,99,106,136,115,152,35,161,102,86,133,76,122,116,49,46,109,56,21,108,192,40,169,129,24,154,60,177,27,43,145,96,171,141,98,114,64,79,179,47,88,5,186,199,83,153,166,174,150,10,185,62,44,140,168,17,48,63];True;9975.0
1966;7493;9459;[13,111,172,132,89,103,105,7,161,35,93,82,12,181,68,97,187,43,165,193,20,188,135,53,157,174,167,61,45,182,65,125,83,128,42,57,37,121,71,162,109,23,0,101,46,124,143,41,88,104,140,17,8,24,169,75,77,85,19,26,176,116,191,149,170,95,38,139,144,51,50,56,21,92,147,3,119,67,32,72,163,25,70,74,198,173,160,190,126,106,91,184,168,31,142,78,131,110,196,59,80,100,30,134,148,2,36,58,151,175,6,1,117,11,87,66,137,158,54,52,112,138,39,107,55,14,194,102,22,195,113,129,15,9,33,183,69,159,164,94,28,155,73,99,16,136,115,152,49,130,18,86,133,76,122,146,180,108,84,4,118,156,192,40,34,123,29,154,60,177,27,185,127,47,171,141,98,114,64,79,179,96,166,5,186,199,81,153,197,189,150,10,145,62,120,178,90,44,48,63];True;9528.0
2266;7194;9460;[50,123,146,118,193,109,147,37,172,12,130,117,77,112,93,2,66,157,103,105,74,188,144,31,6,87,167,61,45,138,41,49,78,128,42,57,3,121,162,126,143,160,91,1,33,124,94,196,36,44,140,92,82,23,189,81,0,85,22,26,176,46,9,178,170,95,38,139,19,20,51,149,34,194,180,4,84,67,32,72,163,25,70,65,16,190,195,113,156,71,165,184,174,8,173,18,131,110,101,59,80,100,30,134,148,11,97,58,175,151,7,191,181,68,198,142,137,158,54,52,119,187,39,107,55,14,13,111,132,89,75,129,15,135,53,183,69,159,164,90,28,155,73,99,106,136,115,152,35,161,102,86,133,76,122,116,104,125,145,56,21,108,192,40,169,182,29,154,60,177,27,43,127,96,171,141,98,114,64,79,179,47,88,5,186,199,83,153,166,24,150,10,185,62,120,197,168,17,48,63];True;9838.0
1984;7484;9468;[118,172,12,22,26,178,147,3,2,130,84,175,77,112,109,24,66,157,103,105,74,188,93,31,6,149,101,61,45,138,41,49,78,128,42,57,37,121,162,126,143,160,91,1,33,124,94,196,36,182,140,92,82,23,189,81,87,85,104,20,146,193,9,144,170,95,38,139,19,46,51,0,34,194,180,123,176,67,32,72,163,25,70,65,16,190,11,113,156,71,165,184,174,8,173,18,131,110,167,59,80,100,30,134,148,195,97,58,117,151,7,191,181,68,198,142,137,158,54,52,119,187,39,107,55,14,13,111,132,89,75,4,15,135,53,183,69,159,164,90,28,155,73,99,106,136,115,152,35,161,102,86,133,76,122,116,44,125,145,56,21,108,192,40,169,129,29,154,60,177,27,43,127,96,171,141,98,114,64,79,179,47,88,5,186,199,83,153,166,50,150,10,185,62,120,197,168,17,48,63];True;9917.0
1857;7622;9479;[50,180,41,22,26,178,120,3,2,130,84,117,77,112,31,29,66,157,103,105,74,188,93,118,147,0,101,61,45,138,167,172,78,128,42,57,37,121,162,126,143,160,91,1,33,124,94,196,52,182,197,92,82,23,189,81,87,85,104,20,146,193,9,144,170,95,38,139,19,194,51,149,34,127,175,123,176,67,32,72,163,25,70,65,16,190,11,113,156,71,165,184,125,8,173,18,131,110,12,59,80,100,30,134,148,195,97,58,6,151,7,191,181,68,198,142,137,158,54,36,119,187,39,107,55,14,13,111,132,89,75,4,15,135,53,183,69,159,164,90,28,155,73,99,106,136,115,152,35,161,102,86,133,76,122,116,49,46,109,56,21,108,192,40,169,129,24,154,60,177,27,43,145,96,171,141,98,114,64,79,179,47,88,5,186,199,83,153,166,174,150,10,185,62,44,140,168,17,48,63];True;9978.0
1850;7631;9481;[50,180,12,22,26,178,120,3,2,130,84,117,77,112,31,29,66,157,103,105,74,188,93,118,147,0,101,61,45,138,167,172,78,128,42,57,37,121,162,126,143,160,91,1,33,124,94,196,36,182,197,92,82,23,189,81,87,85,104,20,146,193,9,144,170,95,38,139,19,194,51,149,34,127,175,123,176,67,32,72,163,25,70,65,16,190,11,113,156,71,165,184,125,8,173,18,131,110,41,59,80,100,30,134,148,195,97,58,6,151,7,191,181,68,198,142,137,158,54,52,119,187,39,107,55,14,13,111,132,89,75,4,15,135,53,183,69,159,164,90,28,155,73,99,106,136,115,152,35,161,102,86,133,76,122,116,49,46,109,56,21,108,192,40,169,129,24,154,60,177,27,43,145,96,171,141,98,114,64,79,179,47,88,5,186,199,83,153,166,174,150,10,185,62,44,140,168,17,48,63];True;9972.0
1853;7629;9482;[50,180,41,22,26,178,120,3,2,130,84,117,77,112,31,29,66,157,103,105,74,188,144,118,147,0,101,61,45,138,167,172,78,128,42,57,37,121,162,126,143,160,91,1,33,124,94,196,52,182,197,92,82,23,189,81,87,85,104,20,146,193,9,93,170,95,38,139,19,194,51,149,34,127,175,123,176,67,32,72,163,25,70,65,16,190,11,113,156,71,165,184,125,8,173,18,131,110,12,59,80,100,30,134,148,195,97,58,6,151,7,191,181,68,198,142,137,158,54,36,119,187,39,107,55,14,13,111,132,89,75,4,15,135,53,183,69,159,164,90,28,155,73,99,106,136,115,152,35,161,102,86,133,76,122,116,49,46,109,56,21,108,192,40,169,129,24,154,60,177,27,43,145,96,171,141,98,114,64,79,179,47,88,5,186,199,83,153,166,174,150,10,185,62,44,140,168,17,48,63];True;9989.0
2309;7178;9487;[50,198,146,118,193,109,147,37,172,12,130,117,77,112,93,184,66,157,103,105,74,188,144,31,6,87,167,61,45,138,41,49,78,128,42,57,3,121,162,126,143,160,91,1,33,124,94,196,36,44,140,92,82,23,189,81,0,85,22,26,176,46,9,178,170,95,38,139,19,20,51,149,34,194,180,4,84,67,32,72,163,25,70,65,16,190,195,113,156,71,165,2,174,8,173,18,131,110,101,59,80,100,30,134,148,11,97,58,175,151,7,191,181,68,123,142,137,158,54,52,119,187,39,107,55,14,13,111,132,89,75,129,15,135,53,183,69,159,164,90,28,155,73,99,106,136,115,152,35,161,102,86,133,76,122,116,104,125,145,56,21,108,192,40,169,182,29,154,60,177,27,43,127,96,171,141,98,114,64,79,179,47,88,5,186,199,83,153,166,24,150,10,185,62,120,197,168,17,48,63];True;9836.0
1873;7615;9488;[194,180,41,22,26,178,120,3,2,130,84,117,77,112,31,29,66,157,103,105,74,188,93,118,147,0,101,61,45,138,167,172,78,128,42,57,37,121,162,126,143,160,91,1,33,124,94,196,36,182,197,92,82,23,189,81,87,85,104,20,146,193,9,144,170,95,38,139,19,50,51,149,34,127,175,123,176,67,32,72,163,25,70,65,16,190,11,113,156,71,165,184,125,8,173,18,131,110,12,59,80,100,30,134,148,195,97,58,6,151,7,191,181,68,198,142,137,158,54,52,119,187,39,107,55,14,13,111,132,89,75,4,15,135,53,183,69,159,164,90,28,155,73,99,106,136,115,152,35,161,102,86,133,76,122,116,49,46,109,56,21,108,192,40,169,129,24,154,60,177,27,43,145,96,171,141,98,114,64,79,179,47,88,5,186,199,83,153,166,174,150,10,185,62,44,140,168,17,48,63];True;9974.0
1956;7535;9491;[118,172,12,22,26,178,147,3,2,130,84,117,77,112,106,136,66,157,103,105,74,188,93,31,6,0,101,61,45,138,41,49,78,128,42,57,37,121,162,126,143,160,91,1,33,124,94,196,52,182,140,92,82,23,189,81,87,85,104,20,146,193,9,144,170,95,38,139,19,46,51,149,34,194,180,123,176,67,32,72,163,25,70,65,16,190,11,113,156,71,165,184,174,8,173,18,131,110,167,59,80,100,30,134,148,195,97,58,175,151,7,191,181,68,198,142,137,158,54,36,119,187,39,107,55,14,13,111,132,89,75,4,15,135,53,183,69,159,164,90,28,155,73,99,109,24,115,152,35,161,102,86,133,76,122,116,44,125,145,56,21,108,192,40,169,129,29,154,60,177,27,43,127,96,171,141,98,114,64,79,179,47,88,5,186,199,83,153,166,50,150,10,185,62,120,197,168,17,48,63];True;9928.0
2327;7169;9496;[174,184,123,190,109,31,6,193,172,12,130,117,77,112,93,46,66,157,103,105,146,188,144,118,147,87,167,61,45,138,41,49,78,128,42,57,3,121,162,126,143,160,91,1,33,124,94,196,36,44,140,92,82,23,189,81,0,85,22,26,176,149,9,178,170,95,38,139,19,20,51,50,34,194,180,4,84,67,32,72,163,25,70,65,16,37,195,113,156,71,165,2,74,8,173,18,131,110,101,59,80,100,30,134,148,11,97,58,175,151,7,191,181,68,198,142,137,158,54,52,119,187,39,107,55,14,13,111,132,89,75,129,15,135,53,183,69,159,164,90,28,155,73,99,106,136,115,152,35,161,102,86,133,76,122,116,104,125,145,56,21,108,192,40,169,182,29,154,60,177,27,43,127,96,171,141,98,114,64,79,179,47,88,5,186,199,83,153,166,24,150,10,185,62,120,197,168,17,48,63];True;9815.0
1955;7544;9499;[118,172,12,22,26,178,147,3,2,115,132,117,77,112,106,136,66,157,103,105,74,188,93,31,6,0,101,61,45,138,41,49,78,128,42,57,37,121,162,126,143,160,91,1,33,124,94,196,52,182,140,92,82,23,189,81,87,85,104,20,146,193,9,144,170,95,38,139,19,46,51,149,34,194,180,123,176,67,32,72,163,25,70,65,16,190,11,113,156,71,165,184,174,8,173,18,131,110,167,59,80,100,30,134,148,195,97,58,175,151,7,191,181,68,198,142,137,158,54,36,119,187,39,107,55,14,13,111,84,89,75,4,15,135,53,183,69,159,164,90,28,155,73,99,109,24,130,152,35,161,102,86,133,76,122,116,44,125,145,56,21,108,192,40,169,129,29,154,60,177,27,43,127,96,171,141,98,114,64,79,179,47,88,5,186,199,83,153,166,50,150,10,185,62,120,197,168,17,48,63];True;9926.0
2326;7174;9500;[50,198,146,118,193,109,147,37,172,12,130,117,77,112,93,2,66,157,103,105,74,188,144,31,6,87,167,61,45,138,41,49,78,128,42,57,3,121,162,126,143,160,91,1,33,124,94,196,36,44,140,92,82,23,189,81,0,85,22,26,176,46,9,178,170,95,38,139,19,20,51,149,34,194,180,4,84,67,32,72,163,25,70,65,16,190,195,113,156,71,165,184,174,8,173,18,131,110,101,59,80,100,30,134,148,11,97,58,175,151,7,191,181,68,123,142,137,158,54,52,119,187,39,107,55,14,13,111,132,89,75,129,15,135,53,183,69,159,164,90,28,155,73,99,106,136,115,152,35,161,102,86,133,76,122,116,104,125,145,56,21,108,192,40,169,182,29,154,60,177,27,43,127,96,171,141,98,114,64,79,179,47,88,5,186,199,83,153,166,24,150,10,185,62,120,197,168,17,48,63];True;9837.0
1953;7548;9501;[118,172,12,22,26,178,147,3,2,130,84,175,77,112,106,136,66,157,103,105,74,188,93,31,6,0,101,61,45,138,41,49,78,128,42,57,37,121,162,126,143,160,91,1,33,124,94,196,52,182,140,92,82,23,189,81,87,85,104,20,146,193,9,144,170,95,38,139,19,46,51,149,34,194,180,123,176,67,32,72,163,25,70,65,16,190,11,113,156,71,165,184,174,8,173,18,131,110,167,59,80,100,30,134,148,195,97,58,117,151,7,191,181,68,198,142,137,158,54,36,119,187,39,107,55,14,13,111,132,89,75,4,15,135,53,183,69,159,164,90,28,155,73,99,109,24,115,152,35,161,102,86,133,76,122,116,44,125,145,56,21,108,192,40,169,129,29,154,60,177,27,43,127,96,171,141,98,114,64,79,179,47,88,5,186,199,83,153,166,50,150,10,185,62,120,197,168,17,48,63];True;9929.0
1828;7676;9504;[50,180,12,22,26,178,120,3,2,130,84,117,77,112,31,29,66,157,103,105,74,188,144,118,147,0,101,61,45,138,167,172,78,128,42,57,37,121,162,126,143,160,91,1,33,124,94,196,52,182,197,92,82,23,189,81,87,85,104,20,146,193,9,93,170,95,38,139,19,194,51,149,34,127,175,123,176,67,32,72,163,25,70,65,16,190,11,113,156,71,165,184,125,8,173,18,131,110,41,59,80,100,30,134,148,195,97,58,6,151,7,191,181,68,198,142,137,158,54,36,119,187,39,107,55,14,13,111,132,89,75,4,15,135,53,183,69,159,164,90,28,155,73,99,106,136,115,152,35,161,102,86,133,76,122,116,49,46,109,56,21,108,192,40,169,129,24,154,60,177,27,43,145,96,171,141,98,114,64,79,179,47,88,5,186,199,83,153,166,174,150,10,185,62,44,140,168,17,48,63];True;9986.0
2343;7165;9508;[174,149,123,190,109,31,6,193,172,12,130,117,77,112,93,184,66,157,103,105,146,188,144,118,147,87,167,61,45,138,41,49,78,128,42,57,3,121,162,126,143,160,91,1,33,124,94,196,36,44,140,92,82,23,189,81,0,85,22,26,176,46,9,178,170,95,38,139,19,20,51,50,34,194,180,4,84,67,32,72,163,25,70,65,16,37,195,113,156,71,165,2,74,8,173,18,131,110,101,59,80,100,30,134,148,11,97,58,175,151,7,191,181,68,198,142,137,158,54,52,119,187,39,107,55,14,13,111,132,89,75,129,15,135,53,183,69,159,164,90,28,155,73,99,106,136,115,152,35,161,102,86,133,76,122,116,104,125,145,56,21,108,192,40,169,182,29,154,60,177,27,43,127,96,171,141,98,114,64,79,179,47,88,5,186,199,83,153,166,24,150,10,185,62,120,197,168,17,48,63];True;9809.0
2357;7152;9509;[174,184,123,190,109,118,6,193,172,12,130,117,77,112,93,46,66,157,103,105,146,188,144,31,147,87,167,61,45,138,41,49,78,128,42,57,3,121,162,126,143,160,91,1,33,124,94,196,36,44,140,92,82,23,189,81,0,85,22,26,176,149,9,178,170,95,38,139,19,20,51,50,34,194,180,4,84,67,32,72,163,25,70,65,16,37,195,113,156,71,165,2,74,8,173,18,131,110,101,59,80,100,30,134,148,11,97,58,175,151,7,191,181,68,198,142,137,158,54,52,119,187,39,107,55,14,13,111,132,89,75,129,15,135,53,183,69,159,164,90,28,155,73,99,106,136,115,152,35,161,102,86,133,76,122,116,104,125,145,56,21,108,192,40,169,182,29,154,60,177,27,43,127,96,171,141,98,114,64,79,179,47,88,5,186,199,83,153,166,24,150,10,185,62,120,197,168,17,48,63];True;9816.0
1843;7667;9510;[125,180,41,22,26,178,120,3,2,130,84,117,77,112,31,29,66,157,103,105,74,188,93,118,147,0,101,61,45,138,167,172,78,128,42,57,37,121,162,126,143,160,91,1,33,124,94,196,52,182,197,92,82,23,189,81,87,85,104,20,146,193,9,144,170,95,38,139,19,194,51,149,34,127,175,123,176,67,32,72,163,25,70,65,16,190,11,113,156,71,165,184,50,8,173,18,131,110,12,59,80,100,30,134,148,195,97,58,6,151,7,191,181,68,198,142,137,158,54,36,119,187,39,107,55,14,13,111,132,89,75,4,15,135,53,183,69,159,164,90,28,155,73,99,106,136,115,152,35,161,102,86,133,76,122,116,49,46,109,56,21,108,192,40,169,129,24,154,60,177,27,43,145,96,171,141,98,114,64,79,179,47,88,5,186,199,83,153,166,174,150,10,185,62,44,140,168,17,48,63];True;9977.0
1848;7662;9510;[194,180,12,22,26,178,120,3,2,130,84,117,77,112,31,29,66,157,103,105,74,188,93,118,147,0,101,61,45,138,167,172,78,128,42,57,37,121,162,126,143,160,91,1,33,124,94,196,36,182,197,92,82,23,189,81,87,85,104,20,146,193,9,144,170,95,38,139,19,50,51,149,34,127,175,123,176,67,32,72,163,25,70,65,16,190,11,113,156,71,165,184,125,8,173,18,131,110,41,59,80,100,30,134,148,195,97,58,6,151,7,191,181,68,198,142,137,158,54,52,119,187,39,107,55,14,13,111,132,89,75,4,15,135,53,183,69,159,164,90,28,155,73,99,106,136,115,152,35,161,102,86,133,76,122,116,49,46,109,56,21,108,192,40,169,129,24,154,60,177,27,43,145,96,171,141,98,114,64,79,179,47,88,5,186,199,83,153,166,174,150,10,185,62,44,140,168,17,48,63];True;9973.0
1839;7674;9513;[125,180,41,22,26,178,120,3,2,130,84,117,77,112,31,29,66,157,103,105,74,188,144,118,147,0,101,61,45,138,167,172,78,128,42,57,37,121,162,126,143,160,91,1,33,124,94,196,52,182,197,92,82,23,189,81,87,85,104,20,146,193,9,93,170,95,38,139,19,194,51,149,34,127,175,123,176,67,32,72,163,25,70,65,16,190,11,113,156,71,165,184,50,8,173,18,131,110,12,59,80,100,30,134,148,195,97,58,6,151,7,191,181,68,198,142,137,158,54,36,119,187,39,107,55,14,13,111,132,89,75,4,15,135,53,183,69,159,164,90,28,155,73,99,106,136,115,152,35,161,102,86,133,76,122,116,49,46,109,56,21,108,192,40,169,129,24,154,60,177,27,43,145,96,171,141,98,114,64,79,179,47,88,5,186,199,83,153,166,174,150,10,185,62,44,140,168,17,48,63];True;9988.0
1935;7580;9515;[118,172,12,22,26,178,120,3,2,130,84,175,77,112,109,29,66,157,103,105,74,188,93,31,147,0,101,61,45,138,41,117,78,128,42,57,37,121,162,126,143,160,91,1,33,124,94,196,36,182,197,92,82,23,189,81,87,85,104,20,146,193,9,144,170,95,38,139,19,125,51,149,34,194,180,123,176,67,32,72,163,25,70,65,16,190,11,113,156,71,165,184,174,8,173,18,131,110,167,59,80,100,30,134,148,195,97,58,6,151,7,191,181,68,198,142,137,158,54,52,119,187,39,107,55,14,13,111,132,89,75,4,15,135,53,183,69,159,164,90,28,155,73,99,106,136,115,152,35,161,102,86,133,76,122,116,49,46,145,56,21,108,192,40,169,129,24,154,60,177,27,43,127,96,171,141,98,114,64,79,179,47,88,5,186,199,83,153,166,50,150,10,185,62,44,140,168,17,48,63];True;9948.0
1952;7563;9515;[118,172,12,22,26,178,147,3,2,130,84,175,77,112,106,24,66,157,103,105,74,188,93,31,6,0,101,61,45,138,41,49,78,128,42,57,37,121,162,126,143,160,91,1,33,124,94,196,52,182,140,92,82,23,189,81,87,85,104,20,146,193,9,144,170,95,38,139,19,46,51,149,34,194,180,123,176,67,32,72,163,25,70,65,16,190,11,113,156,71,165,184,174,8,173,18,131,110,167,59,80,100,30,134,148,195,97,58,117,151,7,191,181,68,198,142,137,158,54,36,119,187,39,107,55,14,13,111,132,89,75,4,15,135,53,183,69,159,164,90,28,155,73,99,109,136,115,152,35,161,102,86,133,76,122,116,44,125,145,56,21,108,192,40,169,129,29,154,60,177,27,43,127,96,171,141,98,114,64,79,179,47,88,5,186,199,83,153,166,50,150,10,185,62,120,197,168,17,48,63];True;9930.0
1827;7690;9517;[174,180,41,22,26,178,120,3,2,130,84,117,77,112,31,29,66,157,103,105,74,188,93,118,147,0,101,61,45,138,167,172,78,128,42,57,37,121,162,126,143,160,91,1,33,124,94,196,52,182,197,92,82,23,189,81,87,85,104,20,146,193,9,144,170,95,38,139,19,194,51,149,34,127,175,123,176,67,32,72,163,25,70,65,16,190,11,113,156,71,165,184,125,8,173,18,131,110,12,59,80,100,30,134,148,195,97,58,6,151,7,191,181,68,198,142,137,158,54,36,119,187,39,107,55,14,13,111,132,89,75,4,15,135,53,183,69,159,164,90,28,155,73,99,106,136,115,152,35,161,102,86,133,76,122,116,49,46,109,56,21,108,192,40,169,129,24,154,60,177,27,43,145,96,171,141,98,114,64,79,179,47,88,5,186,199,83,153,166,50,150,10,185,62,44,140,168,17,48,63];True;9979.0
1823;7697;9520;[174,180,41,22,26,178,120,3,2,130,84,117,77,112,31,29,66,157,103,105,74,188,144,118,147,0,101,61,45,138,167,172,78,128,42,57,37,121,162,126,143,160,91,1,33,124,94,196,52,182,197,92,82,23,189,81,87,85,104,20,146,193,9,93,170,95,38,139,19,194,51,149,34,127,175,123,176,67,32,72,163,25,70,65,16,190,11,113,156,71,165,184,125,8,173,18,131,110,12,59,80,100,30,134,148,195,97,58,6,151,7,191,181,68,198,142,137,158,54,36,119,187,39,107,55,14,13,111,132,89,75,4,15,135,53,183,69,159,164,90,28,155,73,99,106,136,115,152,35,161,102,86,133,76,122,116,49,46,109,56,21,108,192,40,169,129,24,154,60,177,27,43,145,96,171,141,98,114,64,79,179,47,88,5,186,199,83,153,166,50,150,10,185,62,44,140,168,17,48,63];True;9990.0
2373;7148;9521;[174,149,123,190,109,118,6,193,172,12,130,117,77,112,93,184,66,157,103,105,146,188,144,31,147,87,167,61,45,138,41,49,78,128,42,57,3,121,162,126,143,160,91,1,33,124,94,196,36,44,140,92,82,23,189,81,0,85,22,26,176,46,9,178,170,95,38,139,19,20,51,50,34,194,180,4,84,67,32,72,163,25,70,65,16,37,195,113,156,71,165,2,74,8,173,18,131,110,101,59,80,100,30,134,148,11,97,58,175,151,7,191,181,68,198,142,137,158,54,52,119,187,39,107,55,14,13,111,132,89,75,129,15,135,53,183,69,159,164,90,28,155,73,99,106,136,115,152,35,161,102,86,133,76,122,116,104,125,145,56,21,108,192,40,169,182,29,154,60,177,27,43,127,96,171,141,98,114,64,79,179,47,88,5,186,199,83,153,166,24,150,10,185,62,120,197,168,17,48,63];True;9818.0
1949;7576;9525;[194,172,12,22,26,178,120,3,2,130,84,117,77,112,31,29,66,157,103,105,74,188,93,118,147,0,101,61,45,138,41,193,78,128,42,57,37,121,162,126,143,160,91,1,33,124,94,196,36,182,197,92,82,23,189,81,87,85,104,20,146,180,9,144,170,95,38,139,19,125,51,149,34,127,175,123,176,67,32,72,163,25,70,65,16,190,11,113,156,71,165,184,50,8,173,18,131,110,167,59,80,100,30,134,148,195,97,58,6,151,7,191,181,68,198,142,137,158,54,52,119,187,39,107,55,14,13,111,132,89,75,4,15,135,53,183,69,159,164,90,28,155,73,99,106,136,115,152,35,161,102,86,133,76,122,116,49,46,109,56,21,108,192,40,169,129,24,154,60,177,27,43,145,96,171,141,98,114,64,79,179,47,88,5,186,199,83,153,166,174,150,10,185,62,44,140,168,17,48,63];True;9967.0
1947;7578;9525;[118,172,12,22,26,178,147,3,2,130,84,175,77,112,106,136,66,157,103,105,74,188,93,31,117,0,101,61,45,138,41,49,78,128,42,57,37,121,162,126,143,160,91,1,33,124,94,196,52,182,140,92,82,23,189,81,87,85,104,20,146,193,9,144,170,95,38,139,19,46,51,149,34,194,180,123,176,67,32,72,163,25,70,65,16,190,11,113,156,71,165,184,174,8,173,18,131,110,167,59,80,100,30,134,148,195,97,58,6,151,7,191,181,68,198,142,137,158,54,36,119,187,39,107,55,14,13,111,132,89,75,4,15,135,53,183,69,159,164,90,28,155,73,99,109,24,115,152,35,161,102,86,133,76,122,116,44,125,145,56,21,108,192,40,169,129,29,154,60,177,27,43,127,96,171,141,98,114,64,79,179,47,88,5,186,199,83,153,166,50,150,10,185,62,120,197,168,17,48,63];True;9934.0
1813;7712;9525;[50,172,12,22,26,178,120,3,2,130,24,117,77,112,31,29,66,157,103,105,74,188,144,118,147,0,101,61,45,138,167,180,78,128,42,57,37,121,162,126,143,160,91,1,33,124,94,196,52,182,197,92,82,23,189,81,87,85,104,20,146,193,9,93,170,95,38,139,19,194,51,149,34,127,175,123,176,67,32,72,163,25,70,65,16,190,11,113,156,71,165,184,125,8,173,18,131,110,41,59,80,100,30,134,148,195,97,58,6,151,7,191,181,68,198,142,137,158,54,36,119,187,39,107,55,14,13,111,84,89,75,4,15,135,53,183,69,159,164,90,28,155,73,99,106,136,115,152,35,161,102,86,133,76,122,116,49,46,109,56,21,108,192,40,169,129,132,154,60,177,27,43,145,96,171,141,98,114,64,79,179,47,88,5,186,199,83,153,166,174,150,10,185,62,44,140,168,17,48,63];True;9995.0
1822;7711;9533;[174,167,12,22,26,178,120,3,2,130,84,117,77,112,31,29,66,157,103,105,74,188,144,118,147,0,101,61,45,138,180,172,78,128,42,57,37,121,162,126,143,160,91,1,33,124,94,196,52,182,197,92,82,23,189,81,87,85,104,20,146,193,9,93,170,95,38,139,19,194,51,149,34,127,175,123,176,67,32,72,163,25,70,65,16,190,11,113,156,71,165,184,125,8,173,18,131,110,41,59,80,100,30,134,148,195,97,58,6,151,7,191,181,68,198,142,137,158,54,36,119,187,39,107,55,14,13,111,132,89,75,4,15,135,53,183,69,159,164,90,28,155,73,99,106,136,115,152,35,161,102,86,133,76,122,116,49,46,109,56,21,108,192,40,169,129,24,154,60,177,27,43,145,96,171,141,98,114,64,79,179,47,88,5,186,199,83,153,166,50,150,10,185,62,44,140,168,17,48,63];True;9984.0
1800;7737;9537;[198,155,29,154,64,131,6,137,130,107,105,174,118,33,192,40,51,50,53,162,173,18,57,120,24,197,15,135,34,159,76,134,121,10,123,90,41,22,38,14,168,17,94,60,49,141,185,127,39,148,9,28,129,8,93,46,55,165,153,166,59,36,23,12,54,151,175,83,117,44,78,171,81,52,104,140,92,100,58,79,177,95,167,61,181,65,82,5,27,133,96,184,138,45,188,157,66,126,124,86,112,150,99,106,143,160,80,71,69,190,187,128,85,164,111,195,25,37,145,139,178,13,172,158,182,109,21,73,74,56,63,31,142,115,152,102,186,113,196,89,26,176,72,146,4,84,122,0,199,62,1,189,108,183,87,7,43,161,156,147,3,169,191,11,194,180,163,170,103,91,35,125,149,32,98,114,68,116,20,67,193,16,136,144,70,19,97,101,42,119,77,2,110,30,179,47,132,75,88,48];True;6617.0
1632;7906;9538;[198,155,29,187,141,119,148,7,130,107,105,146,4,33,183,192,51,50,53,162,173,18,57,120,24,197,15,135,34,159,76,134,121,10,123,90,41,22,38,14,168,17,94,60,49,153,185,127,39,154,69,28,129,8,93,46,55,165,42,166,59,36,23,12,54,151,175,83,117,98,78,171,81,52,150,140,92,100,58,79,177,95,167,61,181,65,82,5,27,133,96,157,138,45,188,87,66,126,124,86,112,40,104,106,118,160,80,71,9,190,43,128,85,164,111,195,25,37,145,139,178,13,137,158,182,109,21,73,6,56,63,31,142,115,152,102,186,113,196,89,26,176,72,74,143,97,131,0,199,62,1,189,108,84,99,174,184,161,156,147,3,169,191,11,194,180,163,170,103,91,35,125,149,32,44,114,68,116,20,67,193,16,136,144,70,19,64,101,122,172,77,2,110,30,179,47,132,75,88,48];True;5935.0
2395;7146;9541;[174,46,123,190,109,118,6,193,172,12,130,117,77,112,93,184,66,157,103,105,146,188,144,31,147,87,167,61,45,138,41,49,78,128,42,57,3,121,162,126,143,160,91,1,33,124,94,196,36,44,140,92,82,23,189,81,0,85,22,26,176,149,9,178,170,95,38,139,19,20,51,50,34,194,180,4,84,67,32,72,163,25,70,65,16,37,195,113,156,71,165,2,74,8,173,18,131,110,101,59,80,100,30,134,148,11,97,58,175,151,7,191,181,68,198,142,137,158,54,52,119,187,39,107,55,14,13,111,132,89,75,129,15,135,53,183,69,159,164,90,28,155,73,99,106,136,115,152,35,161,102,86,133,76,122,116,104,125,145,56,21,108,192,40,169,182,29,154,60,177,27,43,127,96,171,141,98,114,64,79,179,47,88,5,186,199,83,153,166,24,150,10,185,62,120,197,168,17,48,63];True;9817.0
1798;7744;9542;[174,180,12,22,26,178,120,3,2,130,84,117,77,112,31,29,66,157,103,105,74,188,144,118,147,0,101,61,45,138,167,172,78,128,42,57,37,121,162,126,143,160,91,1,33,124,94,196,52,182,197,92,82,23,189,81,87,85,104,20,146,193,9,93,170,95,38,139,19,194,51,149,34,127,175,123,176,67,32,72,163,25,70,65,16,190,11,113,156,71,165,184,125,8,173,18,131,110,41,59,80,100,30,134,148,195,97,58,6,151,7,191,181,68,198,142,137,158,54,36,119,187,39,107,55,14,13,111,132,89,75,4,15,135,53,183,69,159,164,90,28,155,73,99,106,136,115,152,35,161,102,86,133,76,122,116,49,46,109,56,21,108,192,40,169,129,24,154,60,177,27,43,145,96,171,141,98,114,64,79,179,47,88,5,186,199,83,153,166,50,150,10,185,62,44,140,168,17,48,63];True;9985.0
1654;7896;9550;[198,155,29,187,141,119,148,7,130,107,105,146,124,178,192,183,104,50,53,162,173,18,57,120,24,197,15,135,34,159,76,134,121,10,123,90,41,22,38,14,168,17,94,60,49,153,185,127,39,154,69,28,129,8,93,46,55,165,42,166,59,36,23,12,54,151,175,83,117,98,78,171,81,52,150,140,92,100,58,79,177,95,167,61,181,65,82,5,27,133,96,157,138,45,188,87,66,126,118,86,112,40,51,106,143,160,80,71,9,190,43,128,85,164,111,195,25,37,145,139,33,13,137,158,182,109,21,73,6,56,63,31,142,115,152,102,186,113,196,89,26,176,72,74,4,97,131,0,199,62,1,189,108,84,99,174,184,161,156,147,3,169,191,11,194,180,163,170,103,91,35,125,149,32,44,114,68,116,20,67,193,16,136,144,70,19,64,101,122,172,77,2,110,30,179,47,132,75,88,48];True;5875.0
1631;7920;9551;[198,155,29,154,141,119,148,7,130,107,105,146,4,33,183,192,51,50,53,162,173,18,57,120,24,197,15,135,34,159,76,134,121,10,123,90,41,22,38,14,168,17,94,60,49,153,185,127,39,187,69,28,129,8,93,46,55,165,42,166,59,36,23,12,54,151,175,83,117,98,78,171,81,52,150,140,92,100,58,79,177,95,167,61,181,65,82,5,27,133,96,157,138,45,188,87,66,126,124,86,112,40,104,106,118,160,80,71,9,190,43,128,85,164,111,195,25,37,145,139,178,13,137,158,182,109,21,73,6,56,63,31,142,115,152,102,186,113,196,89,26,176,72,74,143,97,131,0,199,62,1,189,108,84,99,174,184,161,156,147,3,169,191,11,194,180,163,170,103,91,35,125,149,32,44,114,68,116,20,67,193,16,136,144,70,19,64,101,122,172,77,2,110,30,179,47,132,75,88,48];True;5940.0
1738;7815;9553;[99,155,29,154,122,172,43,7,130,107,105,146,118,33,183,192,51,50,53,162,173,18,57,120,24,197,15,135,34,159,76,134,121,10,123,90,41,22,38,14,168,17,94,60,49,141,185,127,39,148,9,28,129,8,93,46,55,165,153,166,59,36,23,12,54,151,175,83,117,44,78,171,81,52,150,140,92,100,58,79,177,95,167,61,181,65,82,5,27,133,96,157,138,45,188,87,66,126,124,86,112,40,104,106,143,160,80,71,69,190,187,128,85,164,111,195,25,37,145,139,178,13,137,158,182,109,21,73,6,56,63,31,142,115,152,102,186,113,196,89,26,176,72,74,4,97,131,0,199,62,1,189,108,84,198,174,184,161,156,147,3,169,191,11,194,180,163,170,103,91,35,125,149,32,98,114,68,116,20,67,193,16,136,144,70,19,64,101,42,119,77,2,110,30,179,47,132,75,88,48];True;6065.0
2414;7144;9558;[174,184,123,190,109,31,6,193,172,12,130,117,77,112,93,87,66,157,103,105,146,188,144,118,147,149,167,61,45,138,41,49,78,128,42,57,3,121,162,126,143,160,91,1,33,124,94,196,36,44,140,92,82,23,189,81,0,85,22,26,176,46,9,178,170,95,38,139,19,20,51,50,34,194,180,4,84,67,32,72,163,25,70,65,16,37,195,113,156,71,165,2,74,8,173,18,131,110,101,59,80,100,30,134,148,11,97,58,175,151,7,191,181,68,198,142,137,158,54,52,119,187,39,107,55,14,13,111,132,89,75,129,15,135,53,183,69,159,164,90,28,155,73,99,106,136,115,152,35,161,102,86,133,76,122,116,104,125,145,56,21,108,192,40,169,182,29,154,60,177,27,43,127,96,171,141,98,114,64,79,179,47,88,5,186,199,83,153,166,24,150,10,185,62,120,197,168,17,48,63];True;9807.0
1619;7940;9559;[198,155,29,154,141,119,187,7,130,107,105,146,4,33,183,192,51,50,53,162,173,18,57,120,24,197,15,135,34,159,76,134,121,10,123,90,41,22,38,14,168,17,94,60,49,153,185,127,39,148,69,28,129,8,93,46,55,165,42,166,59,36,23,12,54,151,175,83,117,98,78,171,81,52,150,140,92,100,58,79,177,95,167,61,181,65,82,5,27,133,96,157,138,45,188,87,66,126,124,86,112,40,104,106,118,160,80,71,9,190,43,128,85,164,111,195,25,37,145,139,178,13,137,158,182,109,21,73,6,56,63,31,142,115,152,102,186,113,196,89,26,176,72,74,143,97,131,0,199,62,1,189,108,84,99,174,184,161,156,147,3,169,191,11,194,180,163,170,103,91,35,125,149,32,44,114,68,116,20,67,193,16,136,144,70,19,64,101,122,172,77,2,110,30,179,47,132,75,88,48];True;5945.0
1712;7847;9559;[198,155,29,104,184,122,43,137,130,107,105,146,118,33,183,174,51,50,53,162,173,18,57,120,24,197,15,135,34,159,76,134,121,10,123,90,41,22,38,14,168,17,94,60,49,141,185,127,39,148,9,28,129,8,93,46,55,165,153,166,59,36,23,12,54,151,175,83,117,44,78,171,81,52,150,140,92,100,58,79,177,95,167,61,181,65,82,5,27,133,96,157,138,45,188,87,66,126,124,86,112,40,99,106,143,160,80,71,69,190,187,128,85,164,111,195,25,37,145,139,178,13,172,158,182,109,21,73,6,56,63,31,142,115,152,102,186,113,196,89,26,176,72,74,4,97,131,0,199,62,1,189,108,84,192,154,7,161,156,147,3,169,191,11,194,180,163,170,103,91,35,125,149,32,98,114,68,116,20,67,193,16,136,144,70,19,64,101,42,119,77,2,110,30,179,47,132,75,88,48];True;6120.0
1705;7854;9559;[198,155,29,104,87,122,43,137,130,107,105,146,118,33,183,174,51,50,53,162,173,18,57,120,24,197,15,135,34,159,76,134,121,10,123,90,41,22,38,14,168,17,94,60,49,141,185,127,39,148,9,28,129,8,93,46,55,165,153,166,59,36,23,12,54,151,175,83,117,44,78,171,81,52,150,140,92,100,58,79,177,95,167,61,181,65,82,5,27,133,96,157,138,45,188,184,66,126,124,86,112,40,99,106,143,160,80,71,69,190,187,128,85,164,111,195,25,37,145,139,178,13,172,158,182,109,21,73,6,56,63,31,142,115,152,102,186,113,196,89,26,176,72,74,4,97,131,0,199,62,1,189,108,84,192,154,7,161,156,147,3,169,191,11,194,180,163,170,103,91,35,125,149,32,98,114,68,116,20,67,193,16,136,144,70,19,64,101,42,119,77,2,110,30,179,47,132,75,88,48];True;6125.0
1795;7765;9560;[174,180,12,22,26,178,120,3,2,130,132,117,77,112,31,29,66,157,103,105,74,188,144,118,147,0,101,61,45,138,167,172,78,128,42,57,37,121,162,126,143,160,91,1,33,124,94,196,52,182,197,92,82,23,189,81,87,85,104,20,146,193,9,93,170,95,38,139,19,194,51,149,34,127,175,123,176,67,32,72,163,25,70,65,16,190,11,113,156,71,165,184,125,8,173,18,131,110,41,59,80,100,30,134,148,195,97,58,6,151,7,191,181,68,198,142,137,158,54,36,119,187,39,107,55,14,13,111,84,89,75,4,15,135,53,183,69,159,164,90,28,155,73,99,106,136,115,152,35,161,102,86,133,76,122,116,49,46,109,56,21,108,192,40,169,129,24,154,60,177,27,43,145,96,171,141,98,114,64,79,179,47,88,5,186,199,83,153,166,50,150,10,185,62,44,140,168,17,48,63];True;9992.0
1685;7876;9561;[99,155,29,187,141,119,148,7,130,107,105,198,124,178,192,183,146,50,53,162,173,18,57,120,24,197,15,135,34,159,76,134,121,10,123,90,41,22,38,14,168,17,94,60,49,153,185,127,39,154,69,28,129,8,93,46,55,165,42,166,59,36,23,12,54,151,175,83,117,98,78,171,81,52,150,140,92,100,58,79,177,95,167,61,181,65,82,5,27,133,96,157,138,45,188,87,66,126,118,86,112,40,51,106,143,160,80,71,9,190,43,128,85,164,111,195,25,37,145,139,33,13,137,158,182,109,21,73,6,56,63,31,142,115,152,102,186,113,196,89,26,176,72,74,4,97,131,0,199,62,1,189,108,84,104,174,184,161,156,147,3,169,191,11,194,180,163,170,103,91,35,125,149,32,44,114,68,116,20,67,193,16,136,144,70,19,64,101,122,172,77,2,110,30,179,47,132,75,88,48];True;5748.0
1680;7883;9563;[198,155,29,187,141,119,148,7,130,107,105,146,118,178,192,183,51,50,53,162,173,18,57,120,24,197,15,135,34,159,76,134,121,10,123,90,41,22,38,14,168,17,94,60,49,153,185,127,39,154,69,28,129,8,93,46,55,165,42,166,59,36,23,12,54,151,175,83,117,98,78,171,81,52,150,140,92,100,58,79,177,95,167,61,181,65,82,5,27,133,96,157,138,45,188,87,66,126,124,86,112,40,104,106,143,160,80,71,9,190,43,128,85,164,111,195,25,37,145,139,33,13,137,158,182,109,21,73,6,56,63,31,142,115,152,102,186,113,196,89,26,176,72,74,4,97,131,0,199,62,1,189,108,84,99,174,184,161,156,147,3,169,191,11,194,180,163,170,103,91,35,125,149,32,44,114,68,116,20,67,193,16,136,144,70,19,64,101,122,172,77,2,110,30,179,47,132,75,88,48];True;5895.0
1627;7936;9563;[198,155,29,187,141,119,148,128,130,107,105,146,118,178,192,183,104,50,53,162,173,18,57,120,24,197,15,135,34,159,76,134,121,10,123,90,41,22,38,14,168,17,94,60,49,153,185,127,39,154,69,28,129,8,93,46,55,165,42,166,59,36,23,12,54,151,175,83,117,98,78,171,81,52,150,140,92,100,58,79,177,95,167,61,181,65,82,5,27,133,96,157,138,45,188,87,66,126,124,86,112,40,51,106,143,160,80,71,9,190,43,7,85,164,111,195,25,37,145,139,33,13,137,158,182,109,21,73,6,56,63,31,142,115,152,102,186,113,196,89,26,176,72,74,4,97,131,0,199,62,1,189,108,84,99,174,184,161,156,147,3,169,191,11,194,180,163,170,103,91,35,125,149,32,44,114,68,116,20,67,193,16,136,144,70,19,64,101,122,172,77,2,110,30,179,47,132,75,88,48];True;5845.0
1671;7894;9565;[198,155,29,154,141,119,43,7,130,107,105,146,4,33,183,192,51,50,53,162,173,18,57,120,24,197,15,135,34,159,76,134,121,10,123,90,41,22,38,14,168,17,94,60,49,153,185,127,39,148,69,28,129,8,93,46,55,165,42,166,59,36,23,12,54,151,175,83,117,98,78,171,81,52,150,140,92,100,58,79,177,95,167,61,181,65,82,5,27,133,96,157,138,45,188,87,66,126,124,86,112,40,104,106,118,160,80,71,9,190,187,128,85,164,111,195,25,37,145,139,178,13,137,158,182,109,21,73,6,56,63,31,142,115,152,102,186,113,196,89,26,176,72,74,143,97,131,0,199,62,1,189,108,84,99,174,184,161,156,147,3,169,191,11,194,180,163,170,103,91,35,125,149,32,44,114,68,116,20,67,193,16,136,144,70,19,64,101,122,172,77,2,110,30,179,47,132,75,88,48];True;5950.0
1783;7784;9567;[174,180,12,22,26,178,120,3,2,130,24,117,77,112,31,29,66,157,103,105,74,188,144,118,147,0,101,61,45,138,167,172,78,128,42,57,37,121,162,126,143,160,91,1,33,124,94,196,52,182,197,92,82,23,189,81,87,85,104,20,146,193,9,93,170,95,38,139,19,194,51,149,34,127,175,123,176,67,32,72,163,25,70,65,16,190,11,113,156,71,165,184,125,8,173,18,131,110,41,59,80,100,30,134,148,195,97,58,6,151,7,191,181,68,198,142,137,158,54,36,119,187,39,107,55,14,13,111,84,89,75,4,15,135,53,183,69,159,164,90,28,155,73,99,106,136,115,152,35,161,102,86,133,76,122,116,49,46,109,56,21,108,192,40,169,129,132,154,60,177,27,43,145,96,171,141,98,114,64,79,179,47,88,5,186,199,83,153,166,50,150,10,185,62,44,140,168,17,48,63];True;9993.0
1679;7888;9567;[99,155,29,187,141,119,148,7,130,107,105,146,4,33,183,192,51,50,53,162,173,18,57,120,24,197,15,135,34,159,76,134,121,10,123,90,41,22,38,14,168,17,94,60,49,153,185,127,39,154,69,28,129,8,93,46,55,165,42,166,59,36,23,12,54,151,175,83,117,98,78,171,81,52,150,140,92,100,58,79,177,95,167,61,181,65,82,5,27,133,96,157,138,45,188,87,66,126,124,86,112,40,104,106,118,160,80,71,9,190,43,128,85,164,111,195,25,37,145,139,178,13,137,158,182,109,21,73,6,56,63,31,142,115,152,102,186,113,196,89,26,176,72,74,143,97,131,0,199,62,1,189,108,84,198,174,184,161,156,147,3,169,191,11,194,180,163,170,103,91,35,125,149,32,44,114,68,116,20,67,193,16,136,144,70,19,64,101,122,172,77,2,110,30,179,47,132,75,88,48];True;5930.0
1735;7835;9570;[198,155,29,104,87,122,43,7,130,107,105,146,118,33,183,174,51,50,53,162,173,18,57,120,24,197,15,135,34,159,76,134,121,10,123,90,41,22,38,14,168,17,94,60,49,141,185,127,39,148,9,28,129,8,93,46,55,165,153,166,59,36,23,12,54,151,175,83,117,44,78,171,81,52,150,140,92,100,58,79,177,95,167,61,181,65,82,5,27,133,96,184,138,45,188,157,66,126,124,86,112,40,99,106,143,160,80,71,69,190,187,128,85,164,111,195,25,37,145,139,178,13,172,158,182,109,21,73,6,56,63,31,142,115,152,102,186,113,196,89,26,176,72,74,4,97,131,0,199,62,1,189,108,84,192,154,137,161,156,147,3,169,191,11,194,180,163,170,103,91,35,125,149,32,98,114,68,116,20,67,193,16,136,144,70,19,64,101,42,119,77,2,110,30,179,47,132,75,88,48];True;6135.0
1696;7874;9570;[198,155,29,187,141,119,148,7,130,107,105,146,4,33,192,183,51,50,53,162,173,18,57,120,24,197,15,135,34,159,76,134,121,10,123,90,41,22,38,14,168,17,94,60,49,153,185,127,39,154,69,28,129,8,93,46,55,165,42,166,59,36,23,12,54,151,175,83,117,98,78,171,81,52,150,140,92,100,58,79,177,95,167,61,181,65,82,5,27,133,96,157,138,45,188,87,66,126,124,86,112,40,104,106,118,160,80,71,9,190,43,128,85,164,111,195,25,37,145,139,178,13,137,158,182,109,21,73,6,56,63,31,142,115,152,102,186,113,196,89,26,176,72,74,143,97,131,0,199,62,1,189,108,84,99,174,184,161,156,147,3,169,191,11,194,180,163,170,103,91,35,125,149,32,44,114,68,116,20,67,193,16,136,144,70,19,64,101,122,172,77,2,110,30,179,47,132,75,88,48];True;5920.0
1763;7809;9572;[198,155,29,154,148,87,43,7,130,107,105,74,188,33,183,40,51,50,53,162,173,18,57,120,24,197,15,135,34,159,76,134,121,10,123,90,41,22,38,14,168,17,94,60,49,141,185,127,39,122,9,28,129,8,93,46,55,165,153,166,59,36,23,12,54,151,175,83,117,44,78,171,81,52,150,140,92,100,58,79,177,95,167,61,181,65,82,5,27,133,96,184,138,45,118,157,66,126,124,86,112,104,99,106,143,160,80,71,69,190,187,128,85,164,111,195,25,37,145,139,178,13,172,158,182,109,21,73,174,56,63,31,142,115,152,102,186,113,196,89,26,176,72,146,4,97,131,0,199,62,1,189,108,84,192,6,137,161,156,147,3,169,191,11,194,180,163,170,103,91,35,125,149,32,98,114,68,116,20,67,193,16,136,144,70,19,64,101,42,119,77,2,110,30,179,47,132,75,88,48];True;6319.0
1701;7871;9572;[198,155,29,187,141,119,148,7,130,107,105,146,124,178,192,183,51,50,53,162,173,18,57,120,24,197,15,135,34,159,76,134,121,10,123,90,41,22,38,14,168,17,94,60,49,153,185,127,39,154,69,28,129,8,93,46,55,165,42,166,59,36,23,12,54,151,175,83,117,98,78,171,81,52,150,140,92,100,58,79,177,95,167,61,181,65,82,5,27,133,96,157,138,45,188,87,66,126,118,86,112,40,104,106,143,160,80,71,9,190,43,128,85,164,111,195,25,37,145,139,33,13,137,158,182,109,21,73,6,56,63,31,142,115,152,102,186,113,196,89,26,176,72,74,4,97,131,0,199,62,1,189,108,84,99,174,184,161,156,147,3,169,191,11,194,180,163,170,103,91,35,125,149,32,44,114,68,116,20,67,193,16,136,144,70,19,64,101,122,172,77,2,110,30,179,47,132,75,88,48];True;5880.0
1604;7971;9575;[198,155,29,154,141,119,44,7,130,107,105,146,118,178,192,183,104,17,53,162,173,18,57,120,24,197,15,135,34,159,76,134,121,10,123,90,41,22,38,14,168,50,94,60,49,153,185,127,39,148,69,28,129,8,93,46,55,165,42,166,59,36,23,12,54,151,175,83,117,98,78,171,81,52,150,140,92,100,58,79,177,95,167,61,181,65,82,5,27,133,96,157,138,45,188,87,66,126,124,86,112,40,51,106,143,160,80,71,9,190,43,128,85,164,111,195,25,37,145,139,33,13,137,158,182,109,21,73,6,56,63,31,142,115,152,102,186,113,196,89,26,176,72,74,4,97,131,0,199,62,1,189,108,84,99,174,184,161,156,147,3,169,191,11,194,180,163,170,103,91,35,125,149,32,187,114,68,116,20,67,193,16,136,144,70,19,64,101,122,172,77,2,110,30,179,47,132,75,88,48];True;5810.0
2435;7142;9577;[174,184,123,190,109,31,6,193,172,12,130,117,77,112,93,118,66,157,103,105,146,188,87,37,147,149,167,61,45,138,41,49,78,128,42,57,3,121,162,126,143,160,91,1,33,124,94,196,36,44,140,92,82,23,189,81,0,85,22,26,176,46,9,178,170,95,38,139,19,20,51,50,34,194,180,4,84,67,32,72,163,25,70,65,16,144,195,113,156,71,165,2,74,8,173,18,131,110,101,59,80,100,30,134,148,11,97,58,175,151,7,191,181,68,198,142,137,158,54,52,119,187,39,107,55,14,13,111,132,89,75,129,15,135,53,183,69,159,164,90,28,155,73,99,106,136,115,152,35,161,102,86,133,76,122,116,104,125,145,56,21,108,192,40,169,182,29,154,60,177,27,43,127,96,171,141,98,114,64,79,179,47,88,5,186,199,83,153,166,24,150,10,185,62,120,197,168,17,48,63];True;9802.0
1734;7846;9580;[198,155,29,104,87,122,43,7,130,107,105,146,118,33,183,174,51,50,53,162,173,18,57,120,24,197,15,135,34,159,76,134,121,10,123,90,41,22,38,14,168,17,94,60,49,141,185,127,39,148,9,28,129,8,93,46,55,165,153,166,59,36,23,12,54,151,175,83,117,44,78,171,81,52,150,140,92,100,58,79,177,95,167,61,181,65,82,5,27,133,96,157,138,45,188,184,66,126,124,86,112,40,99,106,143,160,80,71,69,190,187,128,85,164,111,195,25,37,145,139,178,13,172,158,182,109,21,73,6,56,63,31,142,115,152,102,186,113,196,89,26,176,72,74,4,97,131,0,199,62,1,189,108,84,192,154,137,161,156,147,3,169,191,11,194,180,163,170,103,91,35,125,149,32,98,114,68,116,20,67,193,16,136,144,70,19,64,101,42,119,77,2,110,30,179,47,132,75,88,48];True;6130.0
2455;7126;9581;[174,184,123,190,109,31,6,193,172,12,130,19,77,112,93,118,66,157,103,105,146,188,87,37,147,149,167,61,45,138,41,49,78,128,42,57,3,121,162,126,143,160,91,1,33,124,94,196,36,44,140,92,82,23,189,81,0,85,22,26,176,46,9,178,170,95,38,139,144,20,51,50,34,194,180,4,84,67,32,72,163,25,70,65,16,117,195,113,156,71,165,2,74,8,173,18,131,110,101,59,80,100,30,134,148,11,97,58,175,151,7,191,181,68,198,142,137,158,54,52,119,187,39,107,55,14,13,111,132,89,75,129,15,135,53,183,69,159,164,90,28,155,73,99,106,136,115,152,35,161,102,86,133,76,122,116,104,125,145,56,21,108,192,40,169,182,29,154,60,177,27,43,127,96,171,141,98,114,64,79,179,47,88,5,186,199,83,153,166,24,150,10,185,62,120,197,168,17,48,63];True;9800.0
2505;7097;9602;[174,184,123,190,109,31,6,193,172,12,130,22,195,112,93,118,66,157,103,105,146,188,87,37,147,149,167,61,45,138,41,49,78,128,42,57,3,121,162,126,143,160,91,1,33,124,94,196,36,44,140,92,82,23,189,81,0,85,19,26,176,46,9,178,170,95,38,139,144,20,51,50,34,194,180,4,84,67,32,72,163,25,70,65,16,117,77,113,156,71,165,2,74,8,173,18,131,110,101,59,80,100,30,134,148,11,97,58,175,151,7,191,181,68,198,142,137,158,54,52,119,187,39,107,55,14,13,111,132,89,75,129,15,135,53,183,69,159,164,90,28,155,73,99,106,136,115,152,35,161,102,86,133,76,122,116,104,125,145,56,21,108,192,40,169,182,29,154,60,177,27,43,127,96,171,141,98,114,64,79,179,47,88,5,186,199,83,153,166,24,150,10,185,62,120,197,168,17,48,63];True;9796.0
2494;7110;9604;[174,184,123,190,109,31,6,193,172,195,130,22,12,112,93,118,66,157,103,105,146,188,87,37,147,149,167,61,45,138,41,49,78,128,42,57,3,121,162,126,143,160,91,1,33,124,94,196,36,44,140,92,82,23,189,81,0,85,19,26,176,46,9,178,170,95,38,139,144,20,51,50,34,194,180,4,84,67,32,72,163,25,70,65,16,117,77,113,156,71,165,2,74,8,173,18,131,110,101,59,80,100,30,134,148,11,97,58,175,151,7,191,181,68,198,142,137,158,54,52,119,187,39,107,55,14,13,111,132,89,75,129,15,135,53,183,69,159,164,90,28,155,73,99,106,136,115,152,35,161,102,86,133,76,122,116,104,125,145,56,21,108,192,40,169,182,29,154,60,177,27,43,127,96,171,141,98,114,64,79,179,47,88,5,186,199,83,153,166,24,150,10,185,62,120,197,168,17,48,63];True;9797.0
2483;7123;9606;[174,184,123,190,109,31,6,193,172,77,130,22,12,112,93,118,66,157,103,105,146,188,87,37,147,149,167,61,45,138,41,49,78,128,42,57,3,121,162,126,143,160,91,1,33,124,94,196,36,44,140,92,82,23,189,81,0,85,19,26,176,46,9,178,170,95,38,139,144,20,51,50,34,194,180,4,84,67,32,72,163,25,70,65,16,117,195,113,156,71,165,2,74,8,173,18,131,110,101,59,80,100,30,134,148,11,97,58,175,151,7,191,181,68,198,142,137,158,54,52,119,187,39,107,55,14,13,111,132,89,75,129,15,135,53,183,69,159,164,90,28,155,73,99,106,136,115,152,35,161,102,86,133,76,122,116,104,125,145,56,21,108,192,40,169,182,29,154,60,177,27,43,127,96,171,141,98,114,64,79,179,47,88,5,186,199,83,153,166,24,150,10,185,62,120,197,168,17,48,63];True;9798.0
2541;7066;9607;[174,123,146,190,109,31,6,193,172,12,130,22,195,112,93,118,66,157,103,105,74,188,87,37,147,149,167,61,45,138,41,49,78,128,42,57,3,121,162,126,143,160,91,1,33,124,94,196,36,44,140,92,82,23,189,81,0,85,19,26,176,46,9,178,170,95,38,139,144,20,51,50,34,194,180,4,84,67,32,72,163,25,70,65,16,117,77,113,156,71,165,2,184,8,173,18,131,110,101,59,80,100,30,134,148,11,97,58,175,151,7,191,181,68,198,142,137,158,54,52,119,187,39,107,55,14,13,111,132,89,75,129,15,135,53,183,69,159,164,90,28,155,73,99,106,136,115,152,35,161,102,86,133,76,122,116,104,125,145,56,21,108,192,40,169,182,29,154,60,177,27,43,127,96,171,141,98,114,64,79,179,47,88,5,186,199,83,153,166,24,150,10,185,62,120,197,168,17,48,63];True;9777.0
2530;7079;9609;[174,123,146,190,109,31,6,193,172,195,130,22,12,112,93,118,66,157,103,105,74,188,87,37,147,149,167,61,45,138,41,49,78,128,42,57,3,121,162,126,143,160,91,1,33,124,94,196,36,44,140,92,82,23,189,81,0,85,19,26,176,46,9,178,170,95,38,139,144,20,51,50,34,194,180,4,84,67,32,72,163,25,70,65,16,117,77,113,156,71,165,2,184,8,173,18,131,110,101,59,80,100,30,134,148,11,97,58,175,151,7,191,181,68,198,142,137,158,54,52,119,187,39,107,55,14,13,111,132,89,75,129,15,135,53,183,69,159,164,90,28,155,73,99,106,136,115,152,35,161,102,86,133,76,122,116,104,125,145,56,21,108,192,40,169,182,29,154,60,177,27,43,127,96,171,141,98,114,64,79,179,47,88,5,186,199,83,153,166,24,150,10,185,62,120,197,168,17,48,63];True;9782.0
2583;7045;9628;[31,123,146,190,109,147,6,193,172,12,130,22,195,112,93,118,66,157,103,105,74,188,87,37,174,149,167,61,45,138,41,49,78,128,42,57,3,121,162,126,143,160,91,1,33,124,94,196,36,44,140,92,82,23,189,81,0,85,19,26,176,46,9,178,170,95,38,139,144,20,51,50,34,194,180,4,84,67,32,72,163,25,70,65,16,117,77,113,156,71,165,2,184,8,173,18,131,110,101,59,80,100,30,134,148,11,97,58,175,151,7,191,181,68,198,142,137,158,54,52,119,187,39,107,55,14,13,111,132,89,75,129,15,135,53,183,69,159,164,90,28,155,73,99,106,136,115,152,35,161,102,86,133,76,122,116,104,125,145,56,21,108,192,40,169,182,29,154,60,177,27,43,127,96,171,141,98,114,64,79,179,47,88,5,186,199,83,153,166,24,150,10,185,62,120,197,168,17,48,63];True;9775.0
1602;8032;9634;[34,28,63,69,141,119,148,7,130,107,105,44,140,178,192,183,174,50,53,162,173,18,57,120,24,197,15,118,198,159,76,134,121,10,123,90,41,22,38,150,168,17,94,60,49,153,185,127,39,187,147,67,129,8,93,46,55,165,42,166,59,36,23,12,54,151,175,83,117,98,78,171,81,52,29,135,14,100,58,79,177,95,167,61,181,65,82,5,27,133,96,157,138,45,188,87,66,126,124,86,112,40,51,106,143,160,80,71,9,190,43,128,85,164,111,195,25,37,145,139,33,13,137,158,182,109,21,73,6,56,92,31,142,115,152,102,186,113,196,89,26,176,72,74,4,97,131,0,199,62,1,189,108,84,104,155,184,161,156,154,3,169,191,11,194,180,163,170,103,91,35,125,149,32,99,114,68,116,20,146,193,16,136,144,70,19,64,101,122,172,77,2,110,30,179,47,132,75,88,48];True;5501.0
2606;7041;9647;[146,123,31,190,109,147,6,193,172,12,130,22,195,112,93,118,66,157,103,105,74,188,87,37,174,149,167,61,45,138,41,49,78,128,42,57,3,121,162,126,143,160,91,1,33,124,94,196,36,44,140,92,82,23,189,81,0,85,19,26,176,46,9,178,170,95,38,139,144,20,51,50,34,194,180,4,84,67,32,72,163,25,70,65,16,117,77,113,156,71,165,2,184,8,173,18,131,110,101,59,80,100,30,134,148,11,97,58,175,151,7,191,181,68,198,142,137,158,54,52,119,187,39,107,55,14,13,111,132,89,75,129,15,135,53,183,69,159,164,90,28,155,73,99,106,136,115,152,35,161,102,86,133,76,122,116,104,125,145,56,21,108,192,40,169,182,29,154,60,177,27,43,127,96,171,141,98,114,64,79,179,47,88,5,186,199,83,153,166,24,150,10,185,62,120,197,168,17,48,63];True;9774.0
1598;8077;9675;[29,71,63,69,141,119,148,7,130,107,105,44,140,178,192,183,154,50,53,162,173,18,57,120,24,197,15,135,198,159,82,134,121,10,123,90,41,22,38,150,168,17,94,60,49,153,185,127,39,187,147,67,129,8,93,46,55,165,42,166,59,36,23,12,54,151,175,83,117,98,78,171,81,52,174,118,14,100,58,79,177,95,167,61,181,65,76,5,27,133,96,157,138,45,188,87,66,126,124,86,112,40,51,106,143,160,80,28,9,190,43,128,85,164,111,195,25,37,145,139,33,13,137,158,182,109,21,73,6,56,92,31,142,115,152,102,186,113,196,89,26,176,72,74,4,97,131,0,199,62,1,189,108,84,104,155,184,161,156,34,3,169,191,11,194,180,163,170,103,91,35,125,149,32,99,114,68,20,116,146,193,16,136,144,70,19,64,101,122,172,77,2,110,30,179,47,132,75,88,48];True;5368.0
2650;7028;9678;[34,123,20,190,109,147,6,193,172,12,130,22,195,112,93,118,66,157,103,105,74,188,87,37,174,149,167,61,45,138,41,49,78,128,42,57,3,121,162,126,143,160,91,1,33,124,94,196,36,44,140,92,82,23,189,81,0,85,19,26,176,46,9,178,170,95,38,139,144,146,51,50,31,194,180,4,84,67,32,72,163,25,70,65,16,117,77,113,156,71,165,2,184,8,173,18,131,110,101,59,80,100,30,134,148,11,97,58,175,151,7,191,181,68,198,142,137,158,54,52,119,187,39,107,55,14,13,111,132,89,75,129,15,135,53,183,69,159,164,90,28,155,73,99,106,136,115,152,35,161,102,86,133,76,122,116,104,125,145,56,21,108,192,40,169,182,29,154,60,177,27,43,127,96,171,141,98,114,64,79,179,47,88,5,186,199,83,153,166,24,150,10,185,62,120,197,168,17,48,63];True;9767.0
1595;8085;9680;[29,71,63,69,141,119,148,7,130,107,105,44,140,178,192,183,154,50,53,162,173,18,57,120,24,197,15,135,198,159,82,134,121,10,123,90,41,22,38,150,168,17,100,60,49,153,185,127,39,187,147,67,129,8,93,46,55,165,42,166,59,36,23,12,54,151,175,83,117,98,78,171,81,52,174,118,14,94,58,79,177,95,167,61,181,65,76,5,27,133,96,157,138,45,188,87,66,126,124,86,112,40,51,106,143,160,80,28,9,190,43,128,85,164,111,195,25,37,145,139,33,13,137,158,182,109,21,73,6,56,92,31,142,115,152,102,186,113,196,89,26,176,72,74,4,97,131,0,199,62,1,189,108,84,104,155,184,161,156,34,3,169,191,11,194,180,163,170,103,91,35,125,149,32,99,114,68,20,116,146,193,16,136,144,70,19,64,101,122,172,77,2,110,30,179,47,132,75,88,48];True;5347.0
1576;8117;9693;[29,71,63,69,141,119,148,7,130,107,105,44,140,178,192,183,154,50,53,162,173,18,57,120,24,197,15,118,198,159,82,134,121,10,123,90,41,22,38,150,168,17,94,60,49,153,185,127,39,187,147,67,129,8,93,46,55,165,42,166,59,36,23,12,54,151,175,83,117,98,78,171,81,52,174,135,14,100,58,79,177,95,167,61,181,65,76,5,27,133,96,157,138,45,188,87,66,126,124,86,112,40,51,106,143,160,80,28,9,190,43,128,85,164,111,195,25,37,145,139,33,13,137,158,182,109,21,73,6,56,92,31,142,115,152,102,186,113,196,89,26,176,72,74,4,97,131,0,199,62,1,189,108,84,104,155,184,161,156,34,3,169,191,11,194,180,163,170,103,91,35,125,149,32,99,114,68,20,116,146,193,16,136,144,70,19,64,101,122,172,77,2,110,30,179,47,132,75,88,48];True;5403.0
1592;8105;9697;[29,71,63,69,141,119,148,128,130,107,105,44,140,178,192,183,154,50,53,162,173,18,57,120,24,197,15,135,198,159,82,134,121,10,123,90,41,22,38,150,168,17,94,60,49,153,185,127,39,187,147,67,129,8,93,46,55,165,42,166,59,36,23,12,54,151,175,83,117,98,78,171,81,52,174,118,14,100,58,79,177,95,167,61,181,65,76,5,27,133,96,157,138,45,188,87,66,126,124,86,112,40,51,106,143,160,80,28,9,190,43,7,85,164,111,195,25,37,145,139,33,13,137,158,182,109,21,73,6,56,92,31,142,115,152,102,186,113,196,89,26,176,72,74,4,97,131,0,199,62,1,189,108,84,104,155,184,161,156,34,3,169,191,11,194,180,163,170,103,91,35,125,149,32,99,114,68,20,116,146,193,16,136,144,70,19,64,101,122,172,77,2,110,30,179,47,132,75,88,48];True;5375.0
1573;8125;9698;[29,71,63,69,141,119,148,7,130,107,105,44,140,178,192,183,154,50,53,162,173,18,57,120,24,197,15,118,198,159,82,134,121,10,123,90,41,22,38,150,168,17,100,60,49,153,185,127,39,187,147,67,129,8,93,46,55,165,42,166,59,36,23,12,54,151,175,83,117,98,78,171,81,52,174,135,14,94,58,79,177,95,167,61,181,65,76,5,27,133,96,157,138,45,188,87,66,126,124,86,112,40,51,106,143,160,80,28,9,190,43,128,85,164,111,195,25,37,145,139,33,13,137,158,182,109,21,73,6,56,92,31,142,115,152,102,186,113,196,89,26,176,72,74,4,97,131,0,199,62,1,189,108,84,104,155,184,161,156,34,3,169,191,11,194,180,163,170,103,91,35,125,149,32,99,114,68,20,116,146,193,16,136,144,70,19,64,101,122,172,77,2,110,30,179,47,132,75,88,48];True;5424.0
1589;8113;9702;[29,71,63,69,141,119,148,7,130,107,105,44,140,178,192,135,154,50,53,162,173,18,57,120,24,197,15,118,198,159,82,134,121,10,123,90,41,22,38,150,168,17,100,60,49,153,185,127,39,187,147,67,129,8,93,46,55,165,42,166,59,36,23,12,54,151,175,83,117,98,78,171,81,52,174,183,14,94,58,79,177,95,167,61,181,65,76,5,27,133,96,157,138,45,188,87,66,126,124,86,112,40,51,106,143,160,80,28,9,190,43,128,85,164,111,195,25,37,145,139,33,13,137,158,182,109,21,73,6,56,92,31,142,115,152,102,186,113,196,89,26,176,72,74,4,97,131,0,199,62,1,189,108,84,104,155,184,161,156,34,3,169,191,11,194,180,163,170,103,91,35,125,149,32,99,114,68,20,116,146,193,16,136,144,70,19,64,101,122,172,77,2,110,30,179,47,132,75,88,48];True;5431.0
1570;8145;9715;[29,71,63,69,141,119,148,128,130,107,105,44,140,178,192,183,154,50,53,162,173,18,57,120,24,197,15,118,198,159,82,134,121,10,123,90,41,22,38,150,168,17,94,60,49,153,185,127,39,187,147,67,129,8,93,46,55,165,42,166,59,36,23,12,54,151,175,83,117,98,78,171,81,52,174,135,14,100,58,79,177,95,167,61,181,65,76,5,27,133,96,157,138,45,188,87,66,126,124,86,112,40,51,106,143,160,80,28,9,190,43,7,85,164,111,195,25,37,145,139,33,13,137,158,182,109,21,73,6,56,92,31,142,115,152,102,186,113,196,89,26,176,72,74,4,97,131,0,199,62,1,189,108,84,104,155,184,161,156,34,3,169,191,11,194,180,163,170,103,91,35,125,149,32,99,114,68,20,116,146,193,16,136,144,70,19,64,101,122,172,77,2,110,30,179,47,132,75,88,48];True;5410.0
1567;8153;9720;[29,71,63,69,141,119,148,128,130,107,105,44,140,178,192,183,154,50,53,162,173,18,57,120,24,197,15,118,198,159,82,134,121,10,123,90,41,22,38,150,168,17,100,60,49,153,185,127,39,187,147,67,129,8,93,46,55,165,42,166,59,36,23,12,54,151,175,83,117,98,78,171,81,52,174,135,14,94,58,79,177,95,167,61,181,65,76,5,27,133,96,157,138,45,188,87,66,126,124,86,112,40,51,106,143,160,80,28,9,190,43,7,85,164,111,195,25,37,145,139,33,13,137,158,182,109,21,73,6,56,92,31,142,115,152,102,186,113,196,89,26,176,72,74,4,97,131,0,199,62,1,189,108,84,104,155,184,161,156,34,3,169,191,11,194,180,163,170,103,91,35,125,149,32,99,114,68,20,116,146,193,16,136,144,70,19,64,101,122,172,77,2,110,30,179,47,132,75,88,48];True;5417.0
2703;7022;9725;[20,146,31,190,109,147,6,193,172,12,130,22,195,112,93,118,66,157,103,105,74,188,87,37,174,149,167,61,45,138,41,49,78,128,42,57,3,121,162,126,143,160,91,1,33,124,94,196,36,44,140,92,82,23,189,81,0,85,19,26,176,46,9,178,170,95,38,139,144,123,51,50,34,194,180,4,84,67,32,72,163,25,70,65,16,117,77,113,156,71,165,2,184,8,173,18,131,110,101,59,80,100,30,134,148,11,97,58,175,151,7,191,181,68,198,142,137,158,54,52,119,187,39,107,55,14,13,111,132,89,75,129,15,135,53,183,69,159,164,90,28,155,73,99,106,136,115,152,35,161,102,86,133,76,122,116,104,125,145,56,21,108,192,40,169,182,29,154,60,177,27,43,127,96,171,141,98,114,64,79,179,47,88,5,186,199,83,153,166,24,150,10,185,62,120,197,168,17,48,63];True;9772.0
2725;7021;9746;[20,123,34,190,109,147,6,193,172,12,130,22,195,112,93,118,66,157,103,105,74,188,87,37,174,149,167,61,45,138,41,49,78,128,42,57,3,121,162,126,143,160,91,1,33,124,94,196,36,44,140,92,82,23,189,81,0,85,19,26,176,46,9,178,170,95,38,139,144,146,51,50,31,194,180,4,84,67,32,72,163,25,70,65,16,117,77,113,156,71,165,2,184,8,173,18,131,110,101,59,80,100,30,134,148,11,97,58,175,151,7,191,181,68,198,142,137,158,54,52,119,187,39,107,55,14,13,111,132,89,75,129,15,135,53,183,69,159,164,90,28,155,73,99,106,136,115,152,35,161,102,86,133,76,122,116,104,125,145,56,21,108,192,40,169,182,29,154,60,177,27,43,127,96,171,141,98,114,64,79,179,47,88,5,186,199,83,153,166,24,150,10,185,62,120,197,168,17,48,63];True;9768.0
2744;7012;9756;[20,51,34,190,109,147,6,193,172,12,130,22,195,112,93,118,66,157,103,105,74,188,87,37,174,149,167,61,45,138,41,49,78,128,42,57,3,121,162,126,143,160,91,1,33,124,94,196,36,44,140,92,82,23,189,81,0,85,19,26,176,46,9,178,170,95,38,139,144,123,146,50,31,194,180,4,84,67,32,72,163,25,70,65,16,117,77,113,156,71,165,2,184,8,173,18,131,110,101,59,80,100,30,134,148,11,97,58,175,151,7,191,181,68,198,142,137,158,54,52,119,187,39,107,55,14,13,111,132,89,75,129,15,135,53,183,69,159,164,90,28,155,73,99,106,136,115,152,35,161,102,86,133,76,122,116,104,125,145,56,21,108,192,40,169,182,29,154,60,177,27,43,127,96,171,141,98,114,64,79,179,47,88,5,186,199,83,153,166,24,150,10,185,62,120,197,168,17,48,63];True;9770.0
1564;8217;9781;[29,71,63,69,141,119,148,128,130,107,105,152,140,178,192,183,154,50,53,162,173,18,57,120,24,197,15,118,198,159,82,134,121,10,123,90,41,22,38,150,168,17,94,60,49,153,185,127,39,187,147,67,129,8,93,46,55,165,42,166,59,36,23,12,54,151,175,83,117,98,78,171,81,52,174,135,14,100,58,79,177,95,167,61,181,65,76,5,27,133,96,157,138,45,188,87,66,126,124,86,112,40,51,106,143,160,80,28,9,190,43,7,85,164,111,195,25,37,145,139,33,13,137,158,182,109,21,73,6,56,92,31,142,115,44,102,186,113,196,89,26,176,72,74,4,97,131,0,199,62,1,189,108,84,104,155,184,161,156,34,3,169,191,11,194,180,163,170,103,91,35,125,149,32,99,114,68,20,116,146,193,16,136,144,70,19,64,101,122,172,77,2,110,30,179,47,132,75,88,48];True;5389.0
2799;7010;9809;[34,168,20,190,109,147,6,193,172,12,130,22,195,112,93,118,66,157,103,105,74,188,87,37,174,149,167,61,45,138,41,49,78,128,42,57,3,121,162,126,143,160,91,1,33,124,94,196,36,44,140,92,82,23,189,81,0,85,19,26,176,46,9,178,170,95,38,139,144,146,51,50,31,194,180,4,84,67,32,72,163,25,70,65,16,117,77,113,156,71,165,2,184,8,173,18,131,110,101,59,80,100,30,134,148,11,97,58,175,151,7,191,181,68,198,142,137,158,54,52,119,187,39,107,55,14,13,111,132,89,75,129,15,135,53,183,69,159,164,90,28,155,73,99,106,136,115,152,35,161,102,86,133,76,122,116,123,125,145,56,21,108,192,40,169,182,29,154,60,177,27,43,127,96,171,141,98,114,64,79,179,47,88,5,186,199,83,153,166,24,150,10,185,62,120,197,104,17,48,63];True;9763.0
2801;7009;9810;[20,168,34,190,109,147,6,193,172,12,130,22,195,112,93,118,66,157,103,105,74,188,87,37,174,149,167,61,45,138,41,49,78,128,42,57,3,121,162,126,143,160,91,1,33,124,94,196,36,44,140,92,82,23,189,81,0,85,19,26,176,46,9,178,170,95,38,139,144,146,51,50,31,194,180,4,84,67,32,72,163,25,70,65,16,117,77,113,156,71,165,2,184,8,173,18,131,110,101,59,80,100,30,134,148,11,97,58,175,151,7,191,181,68,198,142,137,158,54,52,119,187,39,107,55,14,13,111,132,89,75,129,15,135,53,183,69,159,164,90,28,155,73,99,106,136,115,152,35,161,102,86,133,76,122,116,123,125,145,56,21,108,192,40,169,182,29,154,60,177,27,43,127,96,171,141,98,114,64,79,179,47,88,5,186,199,83,153,166,24,150,10,185,62,120,197,104,17,48,63];True;9764.0
2835;6999;9834;[74,194,8,125,145,91,6,193,172,12,130,22,195,112,93,147,66,157,103,105,20,188,87,37,174,149,167,61,45,138,41,49,78,128,42,57,3,121,162,126,143,160,142,1,33,124,94,196,36,184,140,17,82,23,189,81,0,85,19,26,176,46,9,178,170,95,38,139,144,63,51,56,92,21,180,4,84,67,32,72,163,25,70,198,16,117,77,113,156,71,165,2,168,31,173,18,131,110,101,59,80,100,30,134,148,11,97,58,175,151,7,191,181,68,123,190,137,158,54,52,119,187,39,107,55,14,13,111,132,89,75,129,15,135,53,183,69,159,164,90,28,155,73,99,106,136,115,152,35,161,102,86,133,76,122,116,65,118,109,50,34,108,192,40,169,182,29,154,60,177,27,43,127,96,171,141,98,114,64,79,179,47,88,5,186,199,83,153,166,24,150,10,185,62,120,197,104,44,48,146];True;9712.0
2872;6993;9865;[50,194,8,125,145,91,6,193,172,12,130,22,195,112,93,147,66,157,103,105,20,188,87,37,174,149,167,61,45,138,41,49,78,128,42,57,3,121,162,126,143,160,142,1,33,124,94,196,36,184,140,17,82,23,189,81,0,85,19,26,176,46,9,178,170,95,38,139,144,63,51,56,92,21,180,4,84,67,32,72,163,25,70,198,16,117,77,113,156,71,165,2,168,31,173,18,131,110,101,59,80,100,30,134,148,11,97,58,175,151,7,191,181,68,123,190,137,158,54,52,119,187,39,107,55,14,13,111,132,89,75,129,15,135,53,183,69,159,164,90,28,155,73,99,106,136,115,152,35,161,102,86,133,76,122,116,65,118,109,74,34,108,192,40,169,182,29,154,60,177,27,43,127,96,171,141,98,114,64,79,179,47,88,5,186,199,83,153,166,24,150,10,185,62,120,197,104,44,48,146];True;9711.0
2982;6985;9967;[16,194,180,41,187,117,113,9,172,132,130,22,12,112,2,169,191,190,66,157,20,188,87,37,174,149,167,61,45,138,104,125,78,128,42,57,3,121,162,126,143,160,91,77,33,124,94,196,166,103,140,17,82,23,189,81,0,85,19,26,176,46,184,142,170,95,38,139,144,63,51,56,21,92,147,4,84,67,32,72,163,25,70,74,198,173,8,93,156,71,165,193,168,31,6,18,131,110,101,59,80,100,30,134,148,11,97,58,175,151,7,1,181,68,123,89,137,158,54,52,119,49,39,107,55,14,13,111,195,145,75,129,15,135,53,183,69,159,164,90,28,155,73,99,106,136,115,152,35,161,102,86,133,76,122,116,65,118,109,50,34,108,192,40,36,182,29,154,60,177,27,43,127,96,171,141,98,114,64,79,179,47,88,5,186,199,83,153,197,24,150,10,185,62,120,178,105,44,48,146];True;9360.0
3011;6978;9989;[16,194,180,41,187,117,113,9,172,132,130,22,12,112,2,169,191,93,66,157,20,188,87,37,174,149,167,61,45,138,104,125,78,128,42,57,3,121,162,126,143,160,91,77,33,124,94,196,166,103,140,17,82,23,189,81,0,85,19,26,176,46,184,142,170,95,38,139,144,63,51,56,21,92,147,4,84,67,32,72,163,25,70,74,198,173,8,190,156,71,165,193,168,31,6,18,131,110,101,59,80,100,30,134,148,11,97,58,175,151,7,1,181,68,123,89,137,158,54,52,119,49,39,107,55,14,13,111,195,145,75,129,15,135,53,183,69,159,164,90,28,155,73,99,106,136,115,152,35,161,102,86,133,76,122,116,65,118,109,50,34,108,192,40,36,182,29,154,60,177,27,43,127,96,171,141,98,114,64,79,179,47,88,5,186,199,83,153,197,24,150,10,185,62,120,178,105,44,48,146];True;9378.0
3100;6975;10075;[74,194,180,41,187,117,113,9,172,132,130,22,12,112,2,169,191,93,66,157,20,188,87,37,174,149,167,61,45,138,104,125,78,128,42,57,3,121,162,126,143,160,91,77,33,124,94,196,166,103,140,17,82,23,189,81,0,85,19,26,176,46,184,142,170,95,38,139,144,63,51,56,21,92,147,4,84,67,32,72,163,25,70,16,198,173,8,190,156,71,165,193,168,31,6,18,131,110,101,59,80,100,30,134,148,11,97,58,175,151,7,1,181,68,123,89,137,158,54,52,119,49,39,107,55,14,13,111,195,145,75,129,15,135,53,183,69,159,164,90,28,155,73,99,106,136,115,152,35,161,102,86,133,76,122,116,65,118,109,50,34,108,192,40,36,182,29,154,60,177,27,43,127,96,171,141,98,114,64,79,179,47,88,5,186,199,83,153,197,24,150,10,185,62,120,178,105,44,48,146];True;9376.0
3137;6969;10106;[50,194,180,41,187,117,113,9,172,132,130,22,12,112,2,169,191,93,66,157,20,188,87,37,174,149,167,61,45,138,104,125,78,128,42,57,3,121,162,126,143,160,91,77,33,124,94,196,166,103,140,17,82,23,189,81,0,85,19,26,176,46,184,142,170,95,38,139,144,63,51,56,21,92,147,4,84,67,32,72,163,25,70,16,198,173,8,190,156,71,165,193,168,31,6,18,131,110,101,59,80,100,30,134,148,11,97,58,175,151,7,1,181,68,123,89,137,158,54,52,119,49,39,107,55,14,13,111,195,145,75,129,15,135,53,183,69,159,164,90,28,155,73,99,106,136,115,152,35,161,102,86,133,76,122,116,65,118,109,74,34,108,192,40,36,182,29,154,60,177,27,43,127,96,171,141,98,114,64,79,179,47,88,5,186,199,83,153,197,24,150,10,185,62,120,178,105,44,48,146];True;9374.0
1561;8567;10128;[4,161,166,102,114,101,59,36,58,105,99,73,140,178,192,10,130,129,8,168,173,18,25,120,24,197,15,9,150,122,194,134,147,65,124,143,67,22,38,21,135,14,94,60,49,153,187,127,39,107,189,28,50,53,93,27,30,165,119,86,181,82,23,12,54,151,121,63,117,98,78,110,81,52,106,118,183,83,26,79,185,148,167,61,2,123,46,5,41,133,96,157,138,45,188,87,66,184,198,159,174,1,51,29,154,156,160,71,69,190,43,128,85,164,111,195,40,37,145,139,33,13,172,158,182,109,141,35,6,56,92,100,31,171,152,57,186,113,196,89,162,146,72,74,142,97,131,0,199,62,44,34,108,20,55,155,126,76,80,137,3,169,191,11,104,180,163,170,95,91,90,125,149,32,68,17,7,116,175,176,193,16,136,144,70,19,64,103,112,84,77,115,179,177,42,47,132,75,88,48];True;342.0
1533;8617;10150;[92,49,102,122,114,3,2,129,72,105,99,73,140,178,192,10,123,17,8,94,173,18,25,120,24,197,15,9,150,143,67,60,147,65,124,142,130,22,38,21,135,14,75,151,7,153,187,127,39,107,101,76,50,53,93,27,30,134,58,86,181,82,23,12,54,158,121,168,117,98,78,110,81,52,106,118,183,83,26,79,185,148,167,61,59,36,46,5,41,133,96,157,138,45,188,87,66,126,198,159,174,1,51,29,154,156,160,71,69,190,43,128,85,164,111,88,40,37,145,139,33,13,172,195,182,109,141,35,6,56,189,194,31,171,152,57,186,113,196,89,162,146,28,74,4,97,131,0,199,62,44,34,108,20,55,155,184,161,80,137,177,169,191,11,104,180,163,170,95,91,90,125,149,32,68,63,100,116,175,165,193,16,136,144,70,19,64,103,112,84,77,115,179,176,42,47,132,166,119,48];True;
1548;8605;10153;[92,49,122,102,114,3,2,129,72,105,99,73,140,178,192,10,123,17,8,94,173,18,25,120,24,197,15,9,150,143,67,60,147,65,124,142,130,22,38,21,135,14,75,151,7,153,187,127,39,107,101,76,50,53,93,27,30,134,58,86,181,82,23,12,54,158,121,168,117,98,78,110,81,52,106,118,183,83,26,79,185,148,167,61,59,36,46,5,41,133,96,157,138,45,188,87,66,126,198,159,174,1,51,29,154,156,160,71,69,190,43,128,85,164,111,88,40,37,145,139,33,13,172,195,182,109,141,35,6,56,189,194,31,171,152,57,186,113,196,89,162,146,28,74,4,97,131,0,199,62,44,34,108,20,55,155,184,161,80,137,177,169,191,11,104,180,163,170,95,91,90,125,149,32,68,63,100,116,175,165,193,16,136,144,70,19,64,103,112,84,77,115,179,176,42,47,132,166,119,48];True;42.0
1552;8604;10156;[92,102,49,122,114,3,2,129,72,105,99,73,140,178,192,10,123,17,8,94,173,18,25,120,24,197,15,9,150,143,67,60,147,65,124,142,130,22,38,21,135,14,75,151,7,153,187,127,39,107,101,76,50,53,93,27,30,134,58,86,181,82,23,12,54,158,121,168,117,98,78,110,81,52,106,118,183,83,26,79,185,148,167,61,59,36,46,5,41,133,96,157,138,45,188,87,66,126,198,159,174,1,51,29,154,156,160,71,69,190,43,128,85,164,111,88,40,37,145,139,33,13,172,195,182,109,141,35,6,56,189,194,31,171,152,57,186,113,196,89,162,146,28,74,4,97,131,0,199,62,44,34,108,20,55,155,184,161,80,137,177,169,191,11,104,180,163,170,95,91,90,125,149,32,68,63,100,116,175,165,193,16,136,144,70,19,64,103,112,84,77,115,179,176,42,47,132,166,119,48];True;
3221;6968;10189;[50,198,180,41,187,117,113,9,172,132,130,22,12,112,2,169,191,190,66,157,20,188,87,37,174,149,167,61,45,138,104,125,78,128,42,57,3,121,162,126,143,160,91,77,33,124,94,196,166,103,140,17,82,23,189,81,0,85,19,26,176,46,184,142,170,95,38,139,144,63,51,56,21,92,147,4,84,67,32,72,163,25,70,16,194,173,8,93,156,71,165,193,168,31,6,18,131,110,101,59,80,100,30,134,148,11,97,58,175,151,7,1,181,68,123,89,137,158,54,52,119,49,39,107,55,14,13,111,195,145,75,129,15,135,53,183,69,159,164,90,28,155,73,99,106,136,115,152,35,161,102,86,133,76,122,116,65,118,109,74,34,108,192,40,36,182,29,154,60,177,27,43,127,96,171,141,98,114,64,79,179,47,88,5,186,199,83,153,197,24,150,10,185,62,120,178,105,44,48,146];True;9366.0
3235;6963;10198;[50,53,180,41,187,117,113,9,172,132,130,22,12,112,2,169,191,93,66,157,20,188,87,37,174,149,167,61,45,138,104,125,78,128,42,57,3,121,162,126,143,160,91,77,33,124,94,196,166,103,140,17,82,23,189,81,0,85,19,26,176,46,184,142,170,95,38,139,144,63,51,56,21,92,147,4,84,67,32,72,163,25,70,16,194,173,8,190,156,71,165,193,168,31,6,18,131,110,101,59,80,100,30,134,148,11,97,58,175,151,7,1,181,68,123,89,137,158,54,52,119,49,39,107,55,14,13,111,195,145,75,129,15,135,198,183,69,159,164,90,28,155,73,99,106,136,115,152,35,161,102,86,133,76,122,116,65,118,109,74,34,108,192,40,36,182,29,154,60,177,27,43,127,96,171,141,98,114,64,79,179,47,88,5,186,199,83,153,197,24,150,10,185,62,120,178,105,44,48,146];True;9370.0
3256;6955;10211;[20,188,87,132,130,5,42,22,38,144,192,89,18,181,68,48,63,118,44,140,124,94,75,36,145,196,113,61,45,138,65,82,187,128,134,195,33,183,162,126,143,160,91,6,77,149,189,148,173,103,123,17,84,122,2,97,0,85,19,26,176,116,146,49,170,95,167,93,66,135,16,56,21,92,147,3,32,165,169,142,163,25,70,90,41,88,40,37,156,71,8,184,168,31,72,78,131,110,101,59,80,100,30,52,182,139,125,58,151,175,197,1,117,98,157,136,137,158,54,12,193,172,39,107,55,14,13,111,114,119,67,129,15,9,28,105,69,159,164,190,109,155,73,99,106,4,115,152,35,161,102,186,133,76,112,104,74,53,34,108,51,50,198,174,23,194,29,154,60,179,27,43,127,96,171,141,11,57,64,79,177,47,166,83,86,199,81,153,7,24,150,10,185,62,120,178,46,180,191,121];True;8331.0
3250;6961;10211;[50,198,180,41,187,117,113,9,172,132,130,22,12,112,2,169,191,93,66,157,20,188,87,37,174,149,167,61,45,138,104,125,78,128,42,57,3,121,162,126,143,160,91,77,33,124,94,196,166,103,140,17,82,23,189,81,0,85,19,26,176,46,184,142,170,95,38,139,144,63,51,56,21,92,147,4,84,67,32,72,163,25,70,16,194,173,8,190,156,71,165,193,168,31,6,18,131,110,101,59,80,100,30,134,148,11,97,58,175,151,7,1,181,68,123,89,137,158,54,52,119,49,39,107,55,14,13,111,195,145,75,129,15,135,53,183,69,159,164,90,28,155,73,99,106,136,115,152,35,161,102,86,133,76,122,116,65,118,109,74,34,108,192,40,36,182,29,154,60,177,27,43,127,96,171,141,98,114,64,79,179,47,88,5,186,199,83,153,197,24,150,10,185,62,120,178,105,44,48,146];True;9372.0
3329;6954;10283;[63,38,144,132,130,5,42,22,40,87,192,89,18,181,68,48,146,118,44,140,124,94,75,36,145,196,113,61,45,188,65,82,187,128,134,195,33,183,162,126,143,160,91,6,77,149,189,148,173,103,123,17,84,122,2,97,0,85,19,26,176,116,16,49,170,95,167,93,66,135,74,56,21,92,147,3,32,165,169,142,163,25,70,90,41,88,138,37,156,71,8,184,168,31,72,78,131,110,101,59,80,100,30,52,182,139,125,58,151,175,197,1,117,98,157,136,137,158,54,12,193,172,39,107,55,14,13,111,114,119,67,129,15,9,28,105,69,159,164,190,109,155,73,99,106,4,115,152,35,161,102,186,133,76,112,104,20,53,34,108,51,50,198,174,23,194,29,154,60,179,27,43,127,96,171,141,11,57,64,79,177,47,166,83,86,199,81,153,7,24,150,10,185,62,120,178,46,180,191,121];True;8311.0
3341;6953;10294;[16,144,164,132,130,5,42,22,40,87,192,89,18,181,68,48,63,118,44,140,124,94,75,36,145,196,113,61,45,188,65,82,187,128,134,195,33,183,162,126,143,160,91,6,77,149,189,148,173,103,123,17,84,122,2,97,0,85,19,26,176,116,146,49,170,95,167,93,66,135,74,56,21,92,147,3,32,165,169,142,163,25,70,90,41,88,138,37,156,71,8,184,168,31,72,78,131,110,101,59,80,100,30,52,182,139,125,58,151,175,197,1,117,98,157,136,137,158,54,12,193,172,39,107,55,14,13,111,114,119,67,129,15,9,28,105,69,159,38,190,109,155,73,99,106,4,115,152,35,161,102,186,133,76,112,104,20,53,34,108,51,50,198,174,23,194,29,154,60,179,27,43,127,96,171,141,11,57,64,79,177,47,166,83,86,199,81,153,7,24,150,10,185,62,120,178,46,180,191,121];True;8303.0
3355;6949;10304;[63,144,164,132,130,5,42,22,40,87,192,89,18,181,68,48,146,118,44,140,124,94,75,36,145,196,113,61,45,188,65,82,187,128,134,195,33,183,162,126,143,160,91,6,77,149,189,148,173,103,123,17,84,122,2,97,0,85,19,26,176,116,16,49,170,95,167,93,66,135,74,56,21,92,147,3,32,165,169,142,163,25,70,90,41,88,138,37,156,71,8,184,168,31,72,78,131,110,101,59,80,100,30,52,182,139,125,58,151,175,197,1,117,98,157,136,137,158,54,12,193,172,39,107,55,14,13,111,114,119,67,129,15,9,28,105,69,159,38,190,109,155,73,99,106,4,115,152,35,161,102,186,133,76,112,104,20,53,34,108,51,50,198,174,23,194,29,154,60,179,27,43,127,96,171,141,11,57,64,79,177,47,166,83,86,199,81,153,7,24,150,10,185,62,120,178,46,180,191,121];True;8307.0
3365;6948;10313;[16,190,188,87,130,5,42,22,40,67,192,89,18,181,68,48,63,118,44,140,124,94,75,36,145,196,113,61,45,138,65,82,187,128,134,195,33,183,162,126,143,160,91,6,77,149,189,148,173,103,123,17,84,122,2,97,0,85,19,26,176,116,146,49,170,95,167,93,66,135,74,56,21,92,147,3,32,165,169,142,163,25,70,90,41,88,164,37,156,71,8,184,168,31,72,78,131,110,101,59,80,100,30,52,182,139,125,58,151,175,197,1,117,98,157,136,137,158,54,12,193,172,39,107,55,14,13,111,114,119,132,129,15,9,28,105,69,159,38,144,109,155,73,99,106,4,115,152,35,161,102,186,133,76,112,104,20,53,34,108,51,50,198,174,23,194,29,154,60,179,27,43,127,96,171,141,11,57,64,79,177,47,166,83,86,199,81,153,7,24,150,10,185,62,120,178,46,180,191,121];True;8289.0
3369;6945;10314;[63,164,144,132,130,5,42,22,40,87,192,89,18,181,68,48,146,118,44,140,124,94,75,36,145,196,113,61,45,188,65,82,187,128,134,195,33,183,162,126,143,160,91,6,77,149,189,148,173,103,123,17,84,122,2,97,0,85,19,26,176,116,16,49,170,95,167,93,66,135,74,56,21,92,147,3,32,165,169,142,163,25,70,90,41,88,138,37,156,71,8,184,168,31,72,78,131,110,101,59,80,100,30,52,182,139,125,58,151,175,197,1,117,98,157,136,137,158,54,12,193,172,39,107,55,14,13,111,114,119,67,129,15,9,28,105,69,159,38,190,109,155,73,99,106,4,115,152,35,161,102,186,133,76,112,104,20,53,34,108,51,50,198,174,23,194,29,154,60,179,27,43,127,96,171,141,11,57,64,79,177,47,166,83,86,199,81,153,7,24,150,10,185,62,120,178,46,180,191,121];True;8309.0
1504;8826;10330;[174,113,61,19,64,101,110,175,145,143,160,105,93,118,48,99,141,86,45,15,173,18,25,115,24,197,26,9,7,20,129,72,147,65,92,106,196,22,38,14,3,2,75,12,165,153,122,127,39,73,87,76,50,51,74,100,30,134,137,111,181,82,23,151,54,158,121,6,49,112,187,142,81,52,108,53,183,83,17,79,185,148,167,189,59,36,46,5,27,133,96,157,138,41,152,56,66,126,198,159,140,182,31,29,154,156,117,71,69,190,43,128,85,164,178,192,40,124,150,139,33,13,172,195,10,78,60,35,88,135,34,194,130,171,116,57,186,98,84,89,162,146,119,28,4,97,131,67,199,62,102,120,1,114,55,155,184,161,80,58,177,169,191,11,104,193,163,170,95,91,90,125,149,32,68,63,37,109,0,94,8,16,136,144,70,168,77,103,21,180,107,188,179,176,42,47,132,166,123,44];True;3208.0
1506;8825;10331;[174,113,61,19,64,101,110,175,145,143,160,105,93,118,48,99,141,86,45,15,173,18,25,115,24,197,26,9,109,20,129,72,147,65,92,106,196,22,38,14,3,2,75,12,165,153,122,127,39,73,87,76,50,51,74,100,30,134,137,111,181,82,23,151,54,158,121,6,49,112,187,142,81,52,108,53,183,83,17,79,185,148,167,189,59,36,46,5,27,133,96,157,138,41,152,56,66,126,198,159,140,182,31,29,154,156,117,71,69,190,43,128,85,164,178,192,40,124,150,139,33,13,172,195,10,78,60,35,88,135,34,194,130,171,116,57,186,98,84,89,162,146,119,28,4,97,131,67,199,62,102,120,1,114,55,155,184,161,80,58,177,169,191,11,104,193,163,170,95,91,90,125,149,32,68,63,37,7,0,94,8,16,136,144,70,168,77,103,21,180,107,188,179,176,42,47,132,166,123,44];True;3175.0
3395;6942;10337;[16,190,164,67,130,5,42,22,40,87,192,89,18,181,68,48,63,118,44,140,124,94,75,36,145,196,113,61,45,188,65,82,187,128,134,195,33,183,162,126,143,160,91,6,77,149,189,148,173,103,123,17,84,122,2,97,0,85,19,26,176,116,146,49,170,95,167,93,66,135,74,56,21,92,147,3,32,165,169,142,163,25,70,90,41,88,138,37,156,71,8,184,168,31,72,78,131,110,101,59,80,100,30,52,182,139,125,58,151,175,197,1,117,98,157,136,137,158,54,12,193,172,39,107,55,14,13,111,114,119,132,129,15,9,28,105,69,159,38,144,109,155,73,99,106,4,115,152,35,161,102,186,133,76,112,104,20,53,34,108,51,50,198,174,23,194,29,154,60,179,27,43,127,96,171,141,11,57,64,79,177,47,166,83,86,199,81,153,7,24,150,10,185,62,120,178,46,180,191,121];True;8295.0
1496;8842;10338;[174,113,61,19,64,101,75,175,145,143,160,105,93,118,48,99,141,86,45,15,173,18,25,115,24,197,26,9,7,20,129,72,147,65,92,106,196,22,38,14,3,2,110,12,165,153,122,127,39,73,87,76,50,51,74,100,30,134,137,111,181,82,23,151,54,158,121,6,49,112,187,142,81,52,108,53,183,83,17,79,185,148,167,189,59,36,46,5,27,133,96,157,138,41,152,56,66,126,198,159,140,182,31,29,154,156,117,71,69,190,43,128,85,164,178,192,40,124,150,139,33,13,172,195,10,78,60,35,88,135,34,194,130,171,116,57,186,98,84,89,162,146,119,28,4,97,131,67,199,62,102,120,1,114,55,155,184,161,80,58,177,169,191,11,104,193,163,170,95,91,90,125,149,32,68,63,37,109,0,94,8,16,136,144,70,168,77,103,21,180,107,188,179,176,42,47,132,166,123,44];True;3263.0
1490;8861;10351;[93,113,61,19,64,101,75,175,145,143,160,105,174,118,48,99,141,86,45,15,173,18,25,115,24,197,26,9,7,20,129,72,147,65,92,106,196,22,38,14,3,2,110,12,165,153,122,127,39,73,87,76,50,51,74,100,30,134,137,111,181,82,23,151,54,158,121,6,49,112,187,142,81,52,108,53,183,83,17,79,185,148,167,189,59,36,46,5,27,133,96,157,138,41,152,56,66,126,198,159,140,182,31,29,154,156,117,71,69,190,43,128,85,164,178,192,40,124,150,139,33,13,172,195,10,78,60,35,88,135,34,194,130,171,116,57,186,98,84,89,162,146,119,28,4,97,131,67,199,62,102,120,1,114,55,155,184,161,80,58,177,169,191,11,104,193,163,170,95,91,90,125,149,32,68,63,37,109,0,94,8,16,136,144,70,168,77,103,21,180,107,188,179,176,42,47,132,166,123,44];True;3252.0
1494;8858;10352;[186,113,61,19,64,101,110,175,145,143,160,105,174,118,48,99,141,86,45,15,173,18,25,115,24,197,26,9,7,20,129,72,147,65,92,106,196,22,38,14,3,2,75,12,165,153,122,127,39,73,87,76,50,51,74,100,30,134,137,111,181,82,23,151,54,158,121,6,49,112,187,142,81,52,108,53,183,83,17,79,185,148,167,189,59,36,46,5,27,133,96,157,138,41,152,56,66,126,198,159,140,182,31,29,154,156,117,71,69,190,43,128,85,164,178,192,40,124,150,139,33,13,172,195,10,78,60,35,88,135,34,194,130,171,116,57,93,98,84,89,162,146,119,28,4,97,131,67,199,62,102,120,1,114,55,155,184,161,80,58,177,169,191,11,104,193,163,170,95,91,90,125,149,32,68,63,37,109,0,94,8,16,136,144,70,168,77,103,21,180,107,188,179,176,42,47,132,166,123,44];True;3230.0
1531;8823;10354;[14,113,61,19,64,101,75,175,128,143,160,105,93,118,48,99,141,86,45,15,173,18,25,115,24,197,26,9,7,20,129,72,147,65,92,106,196,22,38,174,3,2,110,12,165,153,122,127,39,73,87,76,50,51,74,100,30,134,137,111,181,82,23,151,54,158,121,6,49,112,187,142,81,52,108,53,183,104,17,79,185,148,167,189,59,36,46,5,27,133,96,157,138,41,152,56,66,126,198,159,140,182,31,29,154,156,117,71,69,190,43,145,85,164,178,192,40,124,150,139,33,13,172,195,10,78,60,35,88,135,34,194,130,171,116,57,186,98,84,89,162,146,119,28,4,97,131,67,199,62,102,120,1,114,55,155,184,161,80,58,177,169,191,11,83,193,163,170,95,91,90,125,149,32,68,63,37,109,0,94,8,16,136,144,70,168,77,103,21,180,107,188,179,176,42,47,132,166,123,44];True;3297.0
1489;8870;10359;[14,113,61,19,64,101,75,175,145,143,160,105,93,118,48,99,141,86,45,15,173,18,25,115,24,197,26,9,7,20,129,72,147,65,92,106,196,22,38,174,3,2,110,12,165,153,122,127,39,73,87,76,50,51,74,100,30,134,137,111,181,82,23,151,54,158,121,6,49,112,187,142,81,52,108,53,183,83,17,79,185,148,167,189,59,36,46,5,27,133,96,157,138,41,152,56,66,126,198,159,140,182,31,29,154,156,117,71,69,190,43,128,85,164,178,192,40,124,150,139,33,13,172,195,10,78,60,35,88,135,34,194,130,171,116,57,186,98,84,89,162,146,119,28,4,97,131,67,199,62,102,120,1,114,55,155,184,161,80,58,177,169,191,11,104,193,163,170,95,91,90,125,149,32,68,63,37,109,0,94,8,16,136,144,70,168,77,103,21,180,107,188,179,176,42,47,132,166,123,44];True;3274.0
1486;8874;10360;[186,113,61,19,64,101,75,175,145,143,160,105,174,118,48,99,141,86,45,15,173,18,25,115,24,197,26,9,7,20,129,72,147,65,92,106,196,22,38,14,3,2,110,12,165,153,122,127,39,73,87,76,50,51,74,100,30,134,137,111,181,82,23,151,54,158,121,6,49,112,187,142,81,52,108,53,183,83,17,79,185,148,167,189,59,36,46,5,27,133,96,157,138,41,152,56,66,126,198,159,140,182,31,29,154,156,117,71,69,190,43,128,85,164,178,192,40,124,150,139,33,13,172,195,10,78,60,35,88,135,34,194,130,171,116,57,93,98,84,89,162,146,119,28,4,97,131,67,199,62,102,120,1,114,55,155,184,161,80,58,177,169,191,11,104,193,163,170,95,91,90,125,149,32,68,63,37,109,0,94,8,16,136,144,70,168,77,103,21,180,107,188,179,176,42,47,132,166,123,44];True;3241.0
3439;6937;10376;[82,144,164,67,130,5,42,22,40,87,192,89,18,181,68,48,63,118,44,140,124,94,75,36,145,196,113,61,45,188,65,16,187,128,134,195,33,183,162,126,143,160,91,6,77,149,189,148,173,103,123,17,84,122,2,97,0,85,19,26,176,116,146,49,170,95,167,93,66,135,74,56,21,92,147,3,32,165,169,142,163,25,70,90,41,88,138,37,156,71,8,184,168,31,72,78,131,110,101,59,80,100,30,52,182,139,125,58,151,175,197,1,117,98,157,136,137,158,54,12,193,172,39,107,55,14,13,111,114,119,132,129,15,9,28,105,69,159,38,190,109,155,73,99,106,4,115,152,35,161,102,186,133,76,112,104,20,53,34,108,51,50,198,174,23,194,29,154,60,179,27,43,127,96,171,141,11,57,64,79,177,47,166,83,86,199,81,153,7,24,150,10,185,62,120,178,46,180,191,121];True;8299.0
1485;8901;10386;[14,113,61,19,64,101,75,175,128,143,160,105,93,118,48,99,141,86,45,15,173,18,25,115,24,197,26,9,7,20,129,72,147,65,92,106,196,22,38,174,3,2,110,12,165,153,122,127,39,73,87,76,50,51,74,100,30,134,137,111,181,82,23,151,54,158,121,6,49,112,187,142,81,52,108,53,183,83,17,79,185,148,167,189,59,36,46,5,27,133,96,157,138,41,152,56,66,126,198,159,140,182,31,29,154,156,117,71,69,190,43,145,85,164,178,192,40,124,150,139,33,13,172,195,10,78,60,35,88,135,34,194,130,171,116,57,186,98,84,89,162,146,119,28,4,97,131,67,199,62,102,120,1,114,55,155,184,161,80,58,177,169,191,11,104,193,163,170,95,91,90,125,149,32,68,63,37,109,0,94,8,16,136,144,70,168,77,103,21,180,107,188,179,176,42,47,132,166,123,44];True;3285.0
1478;8909;10387;[196,113,61,19,64,101,100,175,145,143,160,14,174,118,48,99,141,86,45,15,173,18,25,115,24,197,26,9,7,20,129,72,147,65,92,106,130,22,38,34,3,2,75,12,165,153,122,127,39,73,87,76,50,53,93,110,30,134,137,111,181,82,23,151,54,158,121,6,49,112,187,142,81,52,108,74,183,83,17,79,185,148,167,189,59,36,46,5,27,133,96,157,138,41,152,56,66,126,198,159,140,182,51,29,154,156,117,71,69,190,43,128,85,164,178,192,40,124,150,139,33,13,172,195,10,78,60,35,88,135,105,194,31,171,116,57,186,98,84,89,162,146,119,28,4,97,131,67,199,62,102,120,1,114,55,155,184,161,80,58,177,169,191,11,104,193,163,170,95,91,90,125,149,32,68,63,37,109,0,94,8,16,136,144,70,168,77,103,21,180,107,188,179,176,42,47,132,166,123,44];True;2852.0
1481;8907;10388;[31,113,61,19,64,101,100,175,145,143,160,14,174,118,48,99,141,86,45,15,173,18,25,115,24,197,26,9,7,20,129,72,147,65,92,106,196,22,38,34,3,2,75,12,165,153,122,127,39,73,87,76,50,53,93,110,30,134,137,111,181,82,23,151,54,158,121,6,49,112,187,142,81,52,108,74,183,83,17,79,185,148,167,189,59,36,46,5,27,133,96,157,138,41,152,56,66,126,198,159,140,182,51,29,154,156,117,71,69,190,43,128,85,164,178,192,40,124,150,139,33,13,172,195,10,78,60,35,88,135,105,194,130,171,116,57,186,98,84,89,162,146,119,28,4,97,131,67,199,62,102,120,1,114,55,155,184,161,80,58,177,169,191,11,104,193,163,170,95,91,90,125,149,32,68,63,37,109,0,94,8,16,136,144,70,168,77,103,21,180,107,188,179,176,42,47,132,166,123,44];True;2876.0
3455;6935;10390;[23,190,188,87,130,5,42,119,57,3,192,89,18,181,68,48,63,118,44,140,124,94,75,36,145,196,113,61,45,138,65,82,187,128,134,195,33,183,162,126,143,160,91,6,77,149,189,148,173,103,168,17,84,122,2,97,0,85,19,26,176,116,146,49,170,95,167,93,66,135,74,56,21,92,147,67,32,165,169,142,163,25,70,90,41,88,164,37,156,71,8,184,123,20,72,78,131,110,101,59,80,100,30,114,182,139,125,58,151,175,197,1,117,98,157,136,137,158,54,12,193,172,39,107,55,14,13,111,52,40,132,129,15,9,28,105,69,159,38,144,109,155,73,99,106,4,115,152,35,161,102,186,133,76,112,104,31,53,34,108,51,50,198,174,16,194,29,154,60,179,27,43,127,96,171,141,11,22,64,79,177,47,166,83,86,199,81,153,7,24,150,10,185,62,120,178,46,180,191,121];True;8257.0
1467;8926;10393;[130,113,61,19,64,101,100,175,145,143,160,14,174,118,48,99,141,86,45,15,173,18,25,115,24,197,26,9,7,20,129,72,147,65,92,106,196,22,38,34,3,2,75,12,165,153,122,127,39,73,87,76,50,53,93,110,30,134,137,111,181,82,23,151,54,158,121,6,49,112,187,142,81,52,108,74,183,83,17,79,185,148,167,189,59,36,46,5,27,133,96,157,138,41,152,56,66,126,198,159,140,182,51,29,154,156,117,71,69,190,43,128,85,164,178,192,40,124,150,139,33,13,172,195,10,78,60,35,88,135,105,194,31,171,116,57,186,98,84,89,162,146,119,28,4,97,131,67,199,62,102,120,1,114,55,155,184,161,80,58,177,169,191,11,104,193,163,170,95,91,90,125,149,32,68,63,37,109,0,94,8,16,136,144,70,168,77,103,21,180,107,188,179,176,42,47,132,166,123,44];True;2864.0
3461;6933;10394;[16,144,164,67,130,5,42,22,40,87,192,89,18,181,68,48,63,118,44,140,124,94,75,36,145,196,113,61,45,188,65,82,187,128,134,195,33,183,162,126,143,160,91,6,77,149,189,148,173,103,123,17,84,122,2,97,0,85,19,26,176,116,146,49,170,95,167,93,66,135,74,56,21,92,147,3,32,165,169,142,163,25,70,90,41,88,138,37,156,71,8,184,168,31,72,78,131,110,101,59,80,100,30,52,182,139,125,58,151,175,197,1,117,98,157,136,137,158,54,12,193,172,39,107,55,14,13,111,114,119,132,129,15,9,28,105,69,159,38,190,109,155,73,99,106,4,115,152,35,161,102,186,133,76,112,104,20,53,34,108,51,50,198,174,23,194,29,154,60,179,27,43,127,96,171,141,11,57,64,79,177,47,166,83,86,199,81,153,7,24,150,10,185,62,120,178,46,180,191,121];True;8297.0
1471;8924;10395;[196,113,61,19,64,101,100,0,145,94,160,14,174,118,48,99,141,86,45,15,173,18,25,115,24,197,26,9,7,20,129,72,147,65,92,106,130,22,38,34,3,2,75,12,165,153,122,127,39,73,87,76,50,53,93,110,30,134,137,111,181,82,23,151,54,158,121,6,49,112,187,142,81,52,108,74,183,83,17,79,185,148,167,189,59,36,46,5,27,133,96,157,138,41,152,56,66,126,198,159,140,182,51,29,154,156,117,71,69,190,43,128,85,164,178,192,40,124,150,139,33,13,172,195,10,78,60,35,88,135,105,194,31,171,116,57,186,98,84,89,162,146,119,28,4,97,131,67,199,62,102,120,1,114,55,155,184,161,80,58,177,169,191,11,104,193,163,170,95,91,90,125,149,32,68,63,37,109,175,143,8,16,136,144,70,168,77,103,21,180,107,188,179,176,42,47,132,166,123,44];True;2802.0
3476;6920;10396;[20,190,188,87,130,5,42,119,57,3,192,89,18,181,68,48,63,118,44,140,124,94,75,36,145,196,113,61,45,138,65,82,187,128,134,195,33,183,162,126,143,160,91,6,77,149,189,148,173,103,168,17,84,122,2,97,0,85,19,26,176,116,146,49,170,95,167,93,66,135,74,56,21,92,147,67,32,165,169,142,163,25,70,90,41,88,164,37,156,71,8,184,123,23,72,78,131,110,101,59,80,100,30,114,182,139,125,58,151,175,197,1,117,98,157,136,137,158,54,12,193,172,39,107,55,14,13,111,52,40,132,129,15,9,28,105,69,159,38,144,109,155,73,99,106,4,115,152,35,161,102,186,133,76,112,104,31,53,34,108,51,50,198,174,16,194,29,154,60,179,27,43,127,96,171,141,11,22,64,79,177,47,166,83,86,199,81,153,7,24,150,10,185,62,120,178,46,180,191,121];True;8259.0
1474;8922;10396;[31,113,61,19,64,101,100,0,145,94,160,14,174,118,48,99,141,86,45,15,173,18,25,115,24,197,26,9,7,20,129,72,147,65,92,106,196,22,38,34,3,2,75,12,165,153,122,127,39,73,87,76,50,53,93,110,30,134,137,111,181,82,23,151,54,158,121,6,49,112,187,142,81,52,108,74,183,83,17,79,185,148,167,189,59,36,46,5,27,133,96,157,138,41,152,56,66,126,198,159,140,182,51,29,154,156,117,71,69,190,43,128,85,164,178,192,40,124,150,139,33,13,172,195,10,78,60,35,88,135,105,194,130,171,116,57,186,98,84,89,162,146,119,28,4,97,131,67,199,62,102,120,1,114,55,155,184,161,80,58,177,169,191,11,104,193,163,170,95,91,90,125,149,32,68,63,37,109,175,143,8,16,136,144,70,168,77,103,21,180,107,188,179,176,42,47,132,166,123,44];True;2775.0
1460;8941;10401;[130,113,61,19,64,101,100,0,145,94,160,14,174,118,48,99,141,86,45,15,173,18,25,115,24,197,26,9,7,20,129,72,147,65,92,106,196,22,38,34,3,2,75,12,165,153,122,127,39,73,87,76,50,53,93,110,30,134,137,111,181,82,23,151,54,158,121,6,49,112,187,142,81,52,108,74,183,83,17,79,185,148,167,189,59,36,46,5,27,133,96,157,138,41,152,56,66,126,198,159,140,182,51,29,154,156,117,71,69,190,43,128,85,164,178,192,40,124,150,139,33,13,172,195,10,78,60,35,88,135,105,194,31,171,116,57,186,98,84,89,162,146,119,28,4,97,131,67,199,62,102,120,1,114,55,155,184,161,80,58,177,169,191,11,104,193,163,170,95,91,90,125,149,32,68,63,37,109,175,143,8,16,136,144,70,168,77,103,21,180,107,188,179,176,42,47,132,166,123,44];True;2789.0
1452;8971;10423;[130,113,61,19,49,145,100,0,101,94,160,14,174,118,48,99,141,86,45,15,173,18,25,115,24,197,26,9,7,20,129,72,147,65,92,106,196,22,38,34,3,2,75,12,165,153,122,127,39,73,87,76,50,53,93,110,30,134,137,111,181,82,23,151,54,158,121,6,64,112,187,142,81,52,108,74,183,83,17,79,185,148,167,189,59,36,46,5,27,133,96,157,138,41,152,56,66,126,198,159,140,182,51,29,154,156,117,71,69,190,43,128,85,164,178,192,40,124,150,139,33,13,172,195,10,78,60,35,88,135,105,194,31,171,116,57,186,98,84,89,162,146,119,28,4,97,131,67,199,62,102,120,1,114,55,155,184,161,80,58,177,169,191,11,104,193,163,170,95,91,90,125,149,32,68,63,37,109,175,143,8,16,136,144,70,168,77,103,21,180,107,188,179,176,42,47,132,166,123,44];True;2653.0
1457;8969;10426;[194,113,61,19,49,145,100,0,101,94,160,14,174,118,48,99,141,86,45,15,173,18,25,115,24,197,26,9,7,20,129,72,147,65,92,106,196,22,38,34,3,2,75,12,165,153,122,127,39,73,87,76,50,53,93,110,30,134,137,111,181,82,23,151,54,158,121,6,64,112,187,142,81,52,108,74,183,83,17,79,185,148,167,189,59,36,46,5,27,133,96,157,138,41,152,56,66,126,198,159,140,182,51,29,154,156,117,71,69,190,43,128,85,164,178,192,40,124,150,139,33,13,172,195,10,78,60,35,88,135,105,130,31,171,116,57,186,98,84,89,162,146,119,28,4,97,131,67,199,62,102,120,1,114,55,155,184,161,80,58,177,169,191,11,104,193,163,170,95,91,90,125,149,32,68,63,37,109,175,143,8,16,136,144,70,168,77,103,21,180,107,188,179,176,42,47,132,166,123,44];True;2639.0
3521;6910;10431;[20,190,188,87,130,5,42,119,57,3,192,89,18,181,68,48,63,118,44,140,124,94,75,36,145,196,113,61,45,138,65,82,187,128,134,195,33,183,162,126,143,160,91,6,77,149,189,148,173,103,168,17,84,122,2,97,0,85,19,26,176,116,23,49,170,95,167,93,66,135,74,56,21,92,147,67,32,165,169,142,163,25,70,90,41,88,164,37,156,71,8,184,123,146,72,78,131,110,101,59,80,100,30,114,182,139,125,58,151,175,197,1,117,98,157,136,137,158,54,12,193,172,39,107,55,14,13,111,52,40,132,129,15,9,28,105,69,159,38,144,109,155,73,99,106,4,115,152,35,161,102,186,133,76,112,104,31,53,34,108,51,50,198,174,16,194,29,154,60,179,27,43,127,96,171,141,11,22,64,79,177,47,166,83,86,199,81,153,7,24,150,10,185,62,120,178,46,180,191,121];True;8253.0
3530;6905;10435;[20,190,188,87,130,5,42,119,57,3,192,89,18,181,68,48,63,118,44,140,124,94,75,36,145,196,113,61,45,138,65,82,187,128,134,195,33,183,162,126,143,160,91,6,77,149,189,148,173,103,168,17,84,122,2,97,0,85,19,26,176,116,142,49,170,95,167,93,66,135,74,56,21,92,147,67,32,165,169,23,163,25,70,90,41,88,164,37,156,71,8,184,123,146,72,78,131,110,101,59,80,100,30,114,182,139,125,58,151,175,197,1,117,98,157,136,137,158,54,12,193,172,39,107,55,14,13,111,52,40,132,129,15,9,28,105,69,159,38,144,109,155,73,99,106,4,115,152,35,161,102,186,133,76,112,104,31,53,34,108,51,50,198,174,16,194,29,154,60,179,27,43,127,96,171,141,11,22,64,79,177,47,166,83,86,199,81,153,7,24,150,10,185,62,120,178,46,180,191,121];True;8247.0
3604;6895;10499;[20,190,188,87,130,5,42,119,57,3,192,89,18,181,68,48,63,118,44,140,124,94,75,36,145,196,167,61,45,138,123,82,187,128,134,195,33,183,65,126,143,160,91,6,77,149,189,148,173,103,168,17,84,122,2,97,0,85,19,26,176,116,142,49,170,95,113,93,66,135,74,56,21,92,147,67,32,165,169,23,163,25,70,90,41,88,164,37,156,71,8,184,162,109,72,78,131,110,101,59,80,100,30,114,182,139,125,58,151,175,197,1,117,98,157,136,137,158,54,12,193,172,39,107,55,14,13,111,52,40,132,129,15,9,28,105,69,159,38,144,146,155,73,99,106,4,115,152,35,161,102,186,133,76,112,104,31,53,34,108,51,50,198,174,16,194,29,154,60,179,27,43,127,96,171,141,11,22,64,79,177,47,166,83,86,199,81,153,7,24,150,10,185,62,120,178,46,180,191,121];True;8231.0
1432;9072;10504;[117,112,48,10,92,145,100,129,8,94,196,1,189,72,105,99,141,86,45,15,173,18,25,120,24,197,26,9,7,20,67,118,147,65,37,106,130,22,38,34,3,2,75,12,165,153,122,127,39,73,87,76,50,53,93,110,30,134,58,111,181,82,23,151,54,158,121,6,64,98,187,142,81,52,108,74,183,83,17,79,185,148,167,61,59,36,46,5,27,133,96,157,138,41,152,56,66,126,198,159,174,19,51,29,154,156,160,71,69,190,43,128,85,164,178,192,40,124,150,139,33,13,172,195,182,78,60,35,88,135,140,194,31,171,116,57,186,113,84,89,162,146,119,28,4,97,131,0,199,62,102,115,14,114,55,155,184,161,80,137,177,169,191,11,104,193,163,170,95,91,90,125,149,32,68,63,49,109,175,143,101,16,136,144,70,168,77,103,21,180,107,188,179,176,42,47,132,166,123,44];True;2009.0
1447;9066;10513;[117,112,140,182,92,145,100,129,8,94,196,1,189,72,105,99,141,86,45,15,173,18,25,120,24,197,26,9,7,20,67,118,147,65,37,106,130,22,38,34,3,2,75,12,165,153,122,127,39,73,87,76,50,53,93,110,30,134,58,111,181,82,23,151,54,158,121,6,64,98,187,142,81,52,108,74,183,83,17,79,185,148,167,61,59,36,46,5,27,133,96,157,138,41,152,56,66,126,198,159,174,19,51,29,154,156,160,71,69,190,43,128,85,164,178,192,40,124,150,139,33,13,172,195,10,78,60,35,88,135,48,194,31,171,116,57,186,113,84,89,162,146,119,28,4,97,131,0,199,62,102,115,14,114,55,155,184,161,80,137,177,169,191,11,104,193,163,170,95,91,90,125,149,32,68,63,49,109,175,143,101,16,136,144,70,168,77,103,21,180,107,188,179,176,42,47,132,166,123,44];True;2045.0
1430;9132;10562;[178,112,48,10,78,145,100,129,8,94,196,1,189,72,105,99,141,17,45,15,173,18,25,120,24,197,26,9,7,20,67,118,147,65,92,106,130,22,38,34,3,2,75,12,165,153,122,127,39,73,87,76,50,53,93,110,30,134,58,86,181,82,23,151,54,158,121,6,117,98,187,142,81,52,108,74,183,83,77,79,185,148,167,61,59,36,46,5,27,133,96,157,138,41,152,56,66,126,198,159,174,19,51,29,154,156,160,71,69,190,43,128,85,164,111,192,40,124,150,139,33,13,172,195,182,37,60,35,88,135,140,194,31,171,116,57,186,113,84,89,162,146,119,28,4,97,131,0,199,62,102,115,14,114,55,155,184,161,80,137,177,169,191,11,104,193,163,170,95,91,90,125,149,32,68,63,49,109,175,143,101,16,136,144,70,168,64,103,21,180,107,188,179,176,42,47,132,166,123,44];True;1693.0
1422;9152;10574;[41,196,48,10,78,145,100,129,8,94,112,1,189,72,105,99,141,17,45,15,173,18,25,120,24,197,26,9,7,20,67,118,147,65,92,106,130,22,38,34,3,2,75,12,165,153,122,127,39,73,87,76,50,53,93,110,30,134,58,86,181,82,23,151,54,158,121,6,117,98,187,142,81,52,108,74,183,83,77,79,185,148,167,61,59,36,46,5,27,133,96,157,138,178,152,56,66,126,198,159,174,19,51,29,154,156,160,71,69,190,43,128,85,164,111,192,40,124,150,139,33,13,172,195,182,37,60,35,88,135,140,194,31,171,116,57,186,113,84,89,162,146,119,28,4,97,131,0,199,62,102,115,14,114,55,155,184,161,80,137,177,169,191,11,104,193,163,170,95,91,90,125,149,32,68,63,49,109,175,143,101,16,136,144,70,168,64,103,21,180,107,188,179,176,42,47,132,166,123,44];True;1654.0
3684;6894;10578;[20,190,188,87,130,5,42,119,132,89,192,103,18,181,68,48,63,118,44,140,124,94,75,36,145,196,113,61,45,138,123,82,187,128,134,195,33,183,65,126,143,160,91,6,77,149,189,148,173,116,168,17,84,122,2,97,0,85,19,26,176,3,136,49,170,95,167,93,66,135,74,56,21,92,147,67,32,165,169,23,163,25,70,90,41,88,164,37,156,71,8,184,162,109,72,78,131,110,101,59,80,100,30,114,182,139,125,58,151,175,197,1,117,98,157,142,137,158,54,12,193,172,39,107,55,14,13,111,52,40,57,129,15,9,28,105,69,159,38,144,146,155,73,99,106,4,115,152,35,161,102,186,133,76,112,104,31,53,34,108,51,50,198,174,16,194,29,154,60,179,27,43,127,96,171,141,11,22,64,79,177,47,166,83,86,199,81,153,7,24,150,10,185,62,120,178,46,180,191,121];True;8189.0
3692;6890;10582;[20,190,188,87,130,5,42,119,132,89,115,103,18,181,68,48,63,118,44,140,124,94,75,36,145,196,113,61,45,138,123,82,187,128,134,195,33,183,65,126,143,160,91,6,77,149,189,148,173,116,168,17,84,122,2,97,0,85,19,26,176,3,136,49,170,95,167,93,66,135,74,56,21,92,147,67,32,165,169,23,163,25,70,90,41,88,164,37,156,71,8,184,162,109,72,78,131,110,101,59,80,100,30,114,182,139,125,58,151,175,197,1,117,98,157,142,137,158,54,12,193,172,39,107,55,14,13,111,52,40,57,129,15,9,28,105,69,159,38,144,146,155,73,99,106,4,192,152,35,161,102,186,133,76,112,104,31,53,34,108,51,50,198,174,16,194,29,154,60,179,27,43,127,96,171,141,11,22,64,79,177,47,166,83,86,199,81,153,7,24,150,10,185,62,120,178,46,180,191,121];True;8186.0
3715;6884;10599;[20,190,188,87,130,5,42,119,57,3,32,103,18,181,68,48,63,118,44,140,124,94,75,36,145,196,113,61,45,138,123,82,187,128,134,195,33,183,65,126,143,160,91,6,77,149,189,148,173,116,168,17,84,122,2,97,0,85,19,26,176,89,136,49,170,95,167,93,66,135,74,56,21,92,147,67,192,165,169,23,163,25,70,90,41,88,164,37,156,71,8,184,162,109,72,78,131,110,101,59,80,100,30,114,182,139,125,58,151,175,197,1,117,98,157,142,137,158,54,12,193,172,39,107,55,14,13,111,52,40,132,129,15,9,28,105,69,159,38,144,146,155,73,99,106,4,115,152,35,161,102,186,133,76,112,104,31,53,34,108,51,50,198,174,16,194,29,154,60,179,27,43,127,96,171,141,11,22,64,79,177,47,166,83,86,199,81,153,7,24,150,10,185,62,120,178,46,180,191,121];True;8204.0
3713;6889;10602;[20,190,188,87,130,5,42,119,57,89,192,103,18,181,68,48,63,118,44,140,124,94,75,36,145,196,113,61,45,138,123,82,187,128,134,195,33,183,65,126,143,160,91,6,77,149,189,148,173,116,168,17,84,122,2,97,0,85,19,26,176,3,136,49,170,95,167,93,66,135,74,56,21,92,147,67,32,165,169,23,163,25,70,90,41,88,164,37,156,71,8,184,162,109,72,78,131,110,101,59,80,100,30,114,182,139,125,58,151,175,197,1,117,98,157,142,137,158,54,12,193,172,39,107,55,14,13,111,52,40,132,129,15,9,28,105,69,159,38,144,146,155,73,99,106,4,115,152,35,161,102,186,133,76,112,104,31,53,34,108,51,50,198,174,16,194,29,154,60,179,27,43,127,96,171,141,11,22,64,79,177,47,166,83,86,199,81,153,7,24,150,10,185,62,120,178,46,180,191,121];True;8192.0
3728;6881;10609;[20,190,188,87,130,5,42,119,57,3,32,103,18,181,68,48,63,118,44,140,124,94,75,36,145,196,167,61,45,138,123,82,187,128,134,195,33,183,65,126,143,160,91,6,77,149,189,148,173,116,168,17,84,122,2,97,0,85,19,26,176,89,136,49,170,95,113,93,66,135,74,56,21,92,147,67,192,165,169,23,163,25,70,90,41,88,164,37,156,71,8,184,162,109,72,78,131,110,101,59,80,100,30,114,182,139,125,58,151,175,197,1,117,98,157,142,137,158,54,12,193,172,39,107,55,14,13,111,52,40,132,129,15,9,28,105,69,159,38,144,146,155,73,99,106,4,115,152,35,161,102,186,133,76,112,104,31,53,34,108,51,50,198,174,16,194,29,154,60,179,27,43,127,96,171,141,11,22,64,79,177,47,166,83,86,199,81,153,7,24,150,10,185,62,120,178,46,180,191,121];True;8207.0
3748;6870;10618;[20,190,188,87,130,5,42,119,132,89,115,103,18,181,68,48,63,118,44,140,124,94,75,36,145,196,113,61,45,138,123,82,187,128,134,195,33,183,65,126,143,160,91,6,77,149,189,148,173,116,168,17,84,122,2,97,0,85,19,26,176,3,136,49,170,95,167,93,66,135,74,56,21,92,147,67,32,165,169,23,163,25,70,90,41,88,164,37,156,71,8,184,162,109,72,78,131,110,101,59,80,100,30,114,182,139,125,58,151,175,197,1,117,98,157,142,137,158,54,57,193,172,39,107,55,14,13,111,52,40,12,129,15,9,28,105,69,159,38,144,146,155,73,99,106,4,192,152,35,161,102,186,133,76,112,104,31,53,34,108,51,50,198,174,16,194,29,154,60,179,27,43,127,96,171,141,11,22,64,79,177,47,166,83,86,199,81,153,7,24,150,10,185,62,120,178,46,180,191,121];True;8169.0
3744;6880;10624;[20,190,188,87,130,5,42,119,57,3,192,103,18,181,68,48,63,118,44,140,124,94,75,36,145,196,167,61,45,138,123,82,187,128,134,195,33,183,65,126,143,160,91,6,77,149,189,148,173,116,168,17,84,122,2,97,0,85,19,26,176,89,136,49,170,95,113,93,66,135,74,56,21,92,147,67,32,165,169,23,163,25,70,90,41,88,164,37,156,71,8,184,162,109,72,78,131,110,101,59,80,100,30,114,182,139,125,58,151,175,197,1,117,98,157,142,137,158,54,12,193,172,39,107,55,14,13,111,52,40,132,129,15,9,28,105,69,159,38,144,146,155,73,99,106,4,115,152,35,161,102,186,133,76,112,104,31,53,34,108,51,50,198,174,16,194,29,154,60,179,27,43,127,96,171,141,11,22,64,79,177,47,166,83,86,199,81,153,7,24,150,10,185,62,120,178,46,180,191,121];True;8210.0
3801;6868;10669;[123,74,188,87,130,5,42,119,132,89,115,103,18,181,68,48,63,118,44,140,124,94,75,36,145,196,113,61,45,138,65,82,187,128,134,195,33,183,190,126,143,160,91,6,77,149,189,148,173,116,168,17,84,122,2,97,0,85,19,26,176,3,136,49,170,95,167,93,66,135,20,56,21,92,147,67,32,165,169,23,163,25,70,90,41,88,164,37,156,71,8,184,162,109,72,78,131,110,101,59,80,100,30,114,182,139,125,58,151,175,197,1,117,98,157,142,137,158,54,57,193,172,39,107,55,14,13,111,52,40,12,129,15,9,28,105,69,159,38,144,146,155,73,99,106,4,192,152,35,161,102,186,133,76,112,104,31,53,34,108,51,50,198,174,16,194,29,154,60,179,27,43,127,96,171,141,11,22,64,79,177,47,166,83,86,199,81,153,7,24,150,10,185,62,120,178,46,180,191,121];True;8152.0
3840;6844;10684;[168,74,188,87,130,5,42,119,132,89,115,152,18,181,68,48,63,118,44,140,124,94,75,36,145,196,113,61,45,138,65,82,187,128,134,195,33,183,190,126,143,160,91,6,77,149,189,148,173,116,123,17,84,122,2,97,0,85,19,26,176,3,136,49,170,95,167,93,66,135,20,56,21,92,147,67,32,165,169,23,163,25,70,90,41,88,164,37,156,71,8,184,162,109,72,78,131,110,101,59,80,100,30,114,182,139,125,58,151,175,197,1,117,98,157,142,137,158,54,57,193,172,39,107,55,14,13,111,52,40,12,129,15,9,28,105,69,159,38,144,146,155,73,99,106,4,192,103,35,161,102,186,133,76,112,104,31,53,34,108,51,50,198,174,16,194,29,154,60,179,27,43,127,96,171,141,11,22,64,79,177,47,166,83,86,199,81,153,7,24,150,10,185,62,120,178,46,180,191,121];True;8146.0
3895;6843;10738;[74,20,188,87,130,5,42,199,132,89,115,152,18,181,68,48,63,118,44,140,124,94,75,36,145,196,113,61,45,138,65,82,187,128,134,195,33,183,190,126,143,160,91,6,77,149,189,148,173,116,123,17,84,122,2,97,0,85,19,26,176,3,136,49,170,95,167,93,66,135,168,56,21,92,147,67,32,165,169,23,163,25,70,90,41,88,164,37,156,71,8,184,162,109,72,78,131,110,101,59,80,100,30,114,182,139,125,58,151,175,197,1,117,98,157,142,137,158,54,57,193,172,39,107,55,14,13,111,52,40,12,129,15,9,28,105,69,159,38,144,146,155,73,99,106,4,192,103,35,161,102,186,133,76,112,104,31,53,34,108,51,50,198,174,16,194,29,154,60,179,27,43,127,96,171,141,11,22,64,79,177,47,166,83,86,119,81,153,7,24,150,10,185,62,120,178,46,180,191,121];True;8137.0
3935;6824;10759;[168,20,188,87,130,5,42,47,132,89,115,152,18,181,68,48,63,118,44,140,124,94,75,36,145,196,113,61,45,138,65,82,187,128,134,195,33,183,190,126,143,160,91,6,77,149,189,148,173,116,123,17,84,122,2,97,0,85,19,26,176,3,136,49,170,95,167,93,66,135,53,56,21,92,147,67,32,165,169,23,163,25,70,90,41,88,164,37,156,71,8,184,162,109,72,78,131,110,101,59,80,100,30,114,182,139,125,58,151,175,197,1,117,98,157,142,137,158,54,57,193,172,39,107,55,14,13,111,52,40,12,129,15,9,28,105,69,159,38,144,146,155,73,99,106,4,192,103,35,161,102,186,133,76,112,104,31,74,34,108,51,50,198,174,16,194,29,154,60,179,27,43,127,96,171,141,11,22,64,79,177,199,166,83,86,119,81,153,7,24,150,10,185,62,120,178,46,180,191,121];True;8105.0
3920;6841;10761;[123,74,188,87,130,5,42,119,132,89,115,152,18,181,68,48,63,118,44,140,124,94,75,36,145,196,113,61,45,138,65,82,187,128,134,195,33,183,190,126,143,160,91,6,77,149,189,148,173,116,168,17,84,122,2,97,0,85,19,26,176,3,136,49,170,95,167,93,66,135,20,56,21,92,147,67,32,165,169,23,163,25,70,90,41,88,164,37,156,71,8,184,162,109,72,78,131,110,101,59,80,100,30,114,182,139,125,58,151,175,197,1,117,98,157,142,137,158,54,57,193,172,39,107,55,14,13,111,52,40,12,129,15,9,28,105,69,159,38,144,146,155,73,99,106,4,192,103,35,161,102,186,133,76,112,104,31,53,34,108,51,50,198,174,16,194,29,154,60,179,27,43,127,96,171,141,11,22,64,79,177,47,166,83,86,199,81,153,7,24,150,10,185,62,120,178,46,180,191,121];True;8149.0
3926;6838;10764;[126,20,188,87,130,5,42,47,132,89,115,152,18,181,68,48,63,118,44,140,124,94,75,36,145,196,113,61,45,138,65,82,187,128,134,195,33,183,190,74,143,160,91,6,77,149,189,148,173,116,123,17,84,122,2,97,0,85,19,26,176,3,136,49,170,95,167,93,66,135,168,56,21,92,147,67,32,165,169,23,163,25,70,90,41,88,164,37,156,71,8,184,162,109,72,78,131,110,101,59,80,100,30,114,182,139,125,58,151,175,197,1,117,98,157,142,137,158,54,57,193,172,39,107,55,14,13,111,52,40,12,129,15,9,28,105,69,159,38,144,146,155,73,99,106,4,192,103,35,161,102,186,133,76,112,104,31,53,34,108,51,50,198,174,16,194,29,154,60,179,27,43,127,96,171,141,11,22,64,79,177,199,166,83,86,119,81,153,7,24,150,10,185,62,120,178,46,180,191,121];True;8131.0
3979;6804;10783;[74,20,188,87,130,5,42,47,132,89,115,152,18,181,68,48,63,118,44,140,124,94,75,36,145,196,113,61,45,138,65,82,187,128,134,195,33,183,190,126,143,160,91,6,77,149,189,148,173,116,123,17,84,122,2,97,0,85,19,26,176,3,136,49,170,95,167,93,66,135,168,56,21,92,147,67,32,165,169,23,163,25,70,90,41,88,164,37,156,71,8,184,162,109,72,78,131,110,101,59,80,100,30,114,182,139,125,58,151,175,197,1,117,98,157,142,137,158,54,57,193,172,39,107,55,14,13,111,52,40,12,129,15,9,28,105,69,159,38,144,146,155,73,99,106,4,192,103,35,161,102,186,133,76,112,104,31,53,34,108,51,50,198,174,16,194,29,154,60,179,27,43,127,96,171,141,11,22,64,79,177,199,166,83,86,119,81,153,7,24,150,10,185,62,120,178,46,180,191,121];True;8128.0
3970;6823;10793;[20,168,188,87,130,5,42,47,132,89,115,152,18,181,68,48,63,118,44,140,124,94,75,36,145,196,113,61,45,138,65,82,187,128,134,195,33,183,190,126,143,160,91,6,77,149,189,148,173,116,123,17,84,122,2,97,0,85,19,26,176,3,136,49,170,95,167,93,66,135,53,56,21,92,147,67,32,165,169,23,163,25,70,90,41,88,164,37,156,71,8,184,162,109,72,78,131,110,101,59,80,100,30,114,182,139,125,58,151,175,197,1,117,98,157,142,137,158,54,57,193,172,39,107,55,14,13,111,52,40,12,129,15,9,28,105,69,159,38,144,146,155,73,99,106,4,192,103,35,161,102,186,133,76,112,104,31,74,34,108,51,50,198,174,16,194,29,154,60,179,27,43,127,96,171,141,11,22,64,79,177,199,166,83,86,119,81,153,7,24,150,10,185,62,120,178,46,180,191,121];True;8101.0
4276;6797;11073;[73,20,188,87,130,5,42,47,26,89,115,152,186,181,68,48,63,118,44,140,124,94,75,36,145,196,113,61,45,138,65,82,187,128,134,195,33,183,190,126,143,160,91,6,77,149,189,148,173,116,123,17,84,122,2,97,0,85,19,132,176,3,136,49,170,95,167,93,66,135,53,56,21,92,147,67,32,165,169,23,163,25,70,90,41,88,164,37,156,71,8,184,162,109,72,78,131,110,101,59,80,100,30,114,182,139,125,58,151,175,197,1,117,98,157,142,137,158,54,57,193,172,39,107,55,14,13,111,52,40,12,129,15,9,28,105,69,159,38,144,146,155,168,99,106,4,192,103,35,161,102,18,133,76,112,104,31,74,34,108,51,50,198,174,16,194,29,154,60,179,27,43,127,96,171,141,11,22,64,79,177,199,166,83,86,119,81,153,7,24,150,10,185,62,120,178,46,180,191,121];True;8070.0
4337;6796;11133;[73,20,188,87,130,5,42,47,26,89,115,152,49,181,68,48,63,118,44,140,124,94,75,36,145,196,113,61,45,138,65,82,187,128,134,195,33,183,190,126,143,160,91,6,77,149,189,148,173,116,123,17,84,122,2,97,0,85,19,132,176,3,136,186,170,95,167,93,66,135,53,56,21,92,147,67,32,165,169,23,163,25,70,90,41,88,164,37,156,71,8,184,162,109,72,78,131,110,101,59,80,100,30,114,182,139,125,58,151,175,197,1,117,98,157,142,137,158,54,57,193,172,39,107,55,14,13,111,52,40,12,129,15,9,28,105,69,159,38,144,146,155,168,99,106,4,192,103,35,161,102,18,133,76,112,104,31,74,34,108,51,50,198,174,16,194,29,154,60,179,27,43,127,96,171,141,11,22,64,79,177,199,166,83,86,119,81,153,7,24,150,10,185,62,120,178,46,180,191,121];True;8079.0
4377;6793;11170;[73,20,188,87,130,5,179,47,26,89,115,152,186,181,68,48,63,118,44,140,124,94,75,36,145,196,113,61,45,138,65,82,187,128,134,195,33,183,190,126,143,160,91,6,77,149,189,148,173,116,123,17,84,122,2,97,0,85,19,132,176,3,136,49,170,95,167,93,66,135,53,56,21,92,147,67,32,165,169,23,163,25,70,90,41,88,164,37,156,71,8,184,162,109,72,78,131,110,101,59,80,100,30,114,182,139,125,58,151,175,197,1,117,98,157,142,137,158,54,57,193,172,39,107,55,14,13,111,52,40,12,129,15,9,28,105,69,159,38,144,146,155,168,99,106,4,192,103,35,161,102,18,133,76,112,104,31,74,34,108,51,50,198,174,16,194,29,154,60,42,27,43,127,96,171,141,11,22,64,79,177,199,166,83,86,119,81,153,7,24,150,10,185,62,120,178,46,180,191,121];True;8085.0
4439;6778;11217;[198,19,145,75,130,5,42,47,26,125,115,152,186,7,15,51,106,20,44,140,124,168,164,190,174,196,113,61,45,138,123,82,187,128,134,195,33,94,118,126,143,160,91,6,77,149,189,148,173,116,65,4,84,122,2,97,0,85,18,132,176,3,136,49,170,95,167,93,66,135,48,50,21,92,147,67,32,165,169,23,163,25,70,90,41,88,146,37,156,71,8,184,162,109,72,78,131,110,101,59,80,100,30,114,182,139,36,58,151,175,197,1,117,98,157,142,137,158,54,57,193,172,39,107,55,14,13,111,52,40,87,181,68,9,28,105,69,159,38,144,56,63,73,99,155,178,192,103,35,161,102,12,133,76,112,104,31,183,34,108,188,74,53,17,16,194,29,154,60,179,27,43,127,96,171,141,11,22,64,79,177,199,166,83,86,119,81,153,129,24,150,10,185,62,120,89,46,180,191,121];True;7732.0
4438;6792;11230;[73,20,188,87,130,5,179,47,26,89,115,152,49,181,68,48,63,118,44,140,124,94,75,36,145,196,113,61,45,138,65,82,187,128,134,195,33,183,190,126,143,160,91,6,77,149,189,148,173,116,123,17,84,122,2,97,0,85,19,132,176,3,136,186,170,95,167,93,66,135,53,56,21,92,147,67,32,165,169,23,163,25,70,90,41,88,164,37,156,71,8,184,162,109,72,78,131,110,101,59,80,100,30,114,182,139,125,58,151,175,197,1,117,98,157,142,137,158,54,57,193,172,39,107,55,14,13,111,52,40,12,129,15,9,28,105,69,159,38,144,146,155,168,99,106,4,192,103,35,161,102,18,133,76,112,104,31,74,34,108,51,50,198,174,16,194,29,154,60,42,27,43,127,96,171,141,11,22,64,79,177,199,166,83,86,119,81,153,7,24,150,10,185,62,120,178,46,180,191,121];True;8082.0
4515;6769;11284;[198,19,125,6,130,5,42,47,26,145,115,152,186,7,15,51,106,20,44,140,124,168,164,190,174,196,113,61,45,138,123,82,187,128,134,195,33,94,118,126,143,160,91,75,77,149,189,148,173,116,65,4,84,122,2,97,0,85,18,132,176,3,136,49,170,95,167,93,66,135,48,50,21,92,147,67,32,165,169,23,163,25,70,90,41,88,146,37,156,71,8,184,162,109,72,78,131,110,101,59,80,100,30,114,182,139,36,58,151,175,197,1,117,98,157,142,137,158,54,57,193,172,39,107,55,14,13,111,52,40,87,181,68,9,28,105,69,159,38,144,56,63,73,99,155,178,192,103,35,161,102,12,133,76,112,104,31,183,34,108,188,74,53,17,16,194,29,154,60,179,27,43,127,96,171,141,11,22,64,79,177,199,166,83,86,119,81,153,129,24,150,10,185,62,120,89,46,180,191,121];True;7720.0
4558;6765;11323;[198,19,125,75,130,5,42,47,26,145,115,152,186,7,15,51,106,20,44,140,124,168,164,190,174,196,113,61,45,138,123,82,187,128,134,195,33,94,118,126,143,160,91,6,77,149,189,148,173,116,65,4,84,122,2,97,0,85,18,132,176,3,136,49,170,95,167,93,66,135,48,50,21,92,147,67,32,165,169,23,163,25,70,90,41,88,146,37,156,71,8,184,162,109,72,78,131,110,101,59,80,100,30,114,182,139,36,58,151,175,197,1,117,98,157,142,137,158,54,57,193,172,39,107,55,14,13,111,52,40,87,181,68,9,28,105,69,159,38,144,56,63,73,99,155,178,192,103,35,161,102,12,133,76,112,104,31,183,34,108,188,74,53,17,16,194,29,154,60,179,27,43,127,96,171,141,11,22,64,79,177,199,166,83,86,119,81,153,129,24,150,10,185,62,120,89,46,180,191,121];True;7729.0
4589;6760;11349;[198,174,125,6,130,5,42,47,26,145,115,152,186,7,15,51,106,20,44,140,124,168,164,190,19,196,113,61,45,138,123,82,187,128,134,195,33,94,118,126,143,160,91,75,77,149,189,148,173,116,65,4,84,122,2,97,0,85,18,132,176,3,136,49,170,95,167,93,66,135,48,50,21,92,147,67,32,165,169,23,163,25,70,90,41,88,146,37,156,71,8,184,162,109,72,78,131,110,101,59,80,100,30,114,182,139,36,58,151,175,197,1,117,98,157,142,137,158,54,57,193,172,39,107,55,14,13,111,52,40,87,181,68,9,28,105,69,159,38,144,56,63,73,99,155,178,192,103,35,161,102,12,133,76,112,104,31,183,34,108,188,74,53,17,16,194,29,154,60,179,27,43,127,96,171,141,11,22,64,79,177,199,166,83,86,119,81,153,129,24,150,10,185,62,120,89,46,180,191,121];True;7723.0
4632;6756;11388;[198,174,125,75,130,5,42,47,26,145,115,152,186,7,15,51,106,20,44,140,124,168,164,190,19,196,113,61,45,138,123,82,187,128,134,195,33,94,118,126,143,160,91,6,77,149,189,148,173,116,65,4,84,122,2,97,0,85,18,132,176,3,136,49,170,95,167,93,66,135,48,50,21,92,147,67,32,165,169,23,163,25,70,90,41,88,146,37,156,71,8,184,162,109,72,78,131,110,101,59,80,100,30,114,182,139,36,58,151,175,197,1,117,98,157,142,137,158,54,57,193,172,39,107,55,14,13,111,52,40,87,181,68,9,28,105,69,159,38,144,56,63,73,99,155,178,192,103,35,161,102,12,133,76,112,104,31,183,34,108,188,74,53,17,16,194,29,154,60,179,27,43,127,96,171,141,11,22,64,79,177,199,166,83,86,119,81,153,129,24,150,10,185,62,120,89,46,180,191,121];True;7726.0
4693;6747;11440;[198,29,90,41,130,5,42,47,26,145,115,152,186,7,15,51,106,20,44,140,124,168,164,190,174,196,113,61,45,138,123,82,187,128,134,195,33,94,118,126,143,160,91,75,77,149,189,148,173,116,65,4,84,122,2,97,0,85,18,132,176,3,136,49,170,95,167,93,66,135,48,50,21,92,147,67,32,165,169,23,163,25,70,125,6,88,146,37,156,71,8,184,162,109,72,78,131,110,101,59,80,100,30,114,182,139,36,58,151,175,197,1,117,98,157,142,137,158,54,57,193,172,39,107,55,14,13,111,52,40,87,181,68,9,28,105,69,159,38,144,56,63,73,99,155,178,192,103,35,161,102,12,133,76,112,104,31,183,34,108,188,74,53,17,16,194,19,154,60,179,27,43,127,96,171,141,11,22,64,79,177,199,166,83,86,119,81,153,129,24,150,10,185,62,120,89,46,180,191,121];True;7711.0
4937;6744;11681;[198,29,147,196,130,5,42,47,26,89,115,152,186,7,88,48,106,20,190,183,124,168,164,45,19,41,113,61,145,138,123,82,187,128,134,195,33,94,118,126,143,160,91,75,77,149,189,148,173,116,65,4,84,122,2,97,0,85,18,132,176,3,136,49,170,95,167,93,66,135,51,50,21,92,90,67,32,165,169,23,163,25,174,125,6,15,70,37,156,71,8,184,162,109,72,78,131,110,101,59,80,100,30,114,182,139,36,58,151,175,197,1,117,98,157,142,137,158,54,57,193,172,39,107,55,14,13,111,52,40,87,181,68,9,28,105,69,159,38,144,56,63,140,99,73,74,192,103,35,161,102,12,133,76,112,104,31,53,146,108,188,44,155,17,16,194,34,154,60,179,27,43,127,96,171,141,11,22,64,79,177,199,166,83,86,119,81,153,129,24,150,10,185,62,120,178,46,180,191,121];True;7476.0
4998;6741;11739;[198,174,1,196,130,5,42,47,26,89,115,152,186,7,88,48,106,20,190,183,124,168,164,45,19,41,113,61,145,138,123,82,187,128,134,195,33,94,118,126,143,160,91,75,77,149,189,148,173,116,65,4,84,122,2,97,0,85,18,132,176,3,136,49,170,95,167,93,66,135,51,50,21,92,90,67,32,165,169,23,163,25,29,147,6,15,70,37,156,71,8,184,162,109,72,78,131,110,101,59,80,100,30,114,182,139,36,58,151,175,197,125,117,98,157,142,137,158,54,57,193,172,39,107,55,14,13,111,52,40,87,181,68,9,28,105,69,159,38,144,56,63,140,99,73,74,192,103,35,161,102,12,133,76,112,104,31,53,146,108,188,44,155,17,16,194,34,154,60,179,27,43,127,96,171,141,11,22,64,79,177,199,166,83,86,119,81,153,129,24,150,10,185,62,120,178,46,180,191,121];True;7464.0
5010;6733;11743;[198,174,147,196,130,5,42,47,26,89,115,152,186,7,88,48,106,20,190,183,124,168,164,45,19,41,113,61,145,138,123,82,187,128,134,195,33,94,118,126,143,160,91,75,77,149,189,148,173,116,65,4,84,122,2,97,0,85,18,132,176,3,136,49,170,95,167,93,66,135,51,50,21,92,90,67,32,165,169,23,163,25,29,125,6,15,70,37,156,71,8,184,162,109,72,78,131,110,101,59,80,100,30,114,182,139,36,58,151,175,197,1,117,98,157,142,137,158,54,57,193,172,39,107,55,14,13,111,52,40,87,181,68,9,28,105,69,159,38,144,56,63,140,99,73,74,192,103,35,161,102,12,133,76,112,104,31,53,146,108,188,44,155,17,16,194,34,154,60,179,27,43,127,96,171,141,11,22,64,79,177,199,166,83,86,119,81,153,129,24,150,10,185,62,120,178,46,180,191,121];True;7472.0
5043;6729;11772;[198,174,125,196,130,5,42,47,26,89,115,152,186,7,88,48,106,20,190,183,124,168,164,45,19,41,113,61,145,138,123,82,187,128,134,195,33,94,118,126,143,160,91,75,77,149,189,148,173,116,65,4,84,122,2,97,0,85,18,132,176,3,136,49,170,95,167,93,66,135,51,50,21,92,90,67,32,165,169,23,163,25,29,147,6,15,70,37,156,71,8,184,162,109,72,78,131,110,101,59,80,100,30,114,182,139,36,58,151,175,197,1,117,98,157,142,137,158,54,57,193,172,39,107,55,14,13,111,52,40,87,181,68,9,28,105,69,159,38,144,56,63,140,99,73,74,192,103,35,161,102,12,133,76,112,104,31,53,146,108,188,44,155,17,16,194,34,154,60,179,27,43,127,96,171,141,11,22,64,79,177,199,166,83,86,119,81,153,129,24,150,10,185,62,120,178,46,180,191,121];True;7468.0
5129;6727;11856;[198,174,147,196,130,5,42,47,26,89,115,152,186,7,88,123,106,20,190,183,124,168,164,45,19,41,113,61,145,138,48,82,187,128,134,195,33,94,118,126,143,160,91,23,77,149,189,148,173,116,65,4,84,122,2,97,0,85,18,132,176,3,136,49,170,95,167,93,66,135,51,50,21,92,90,67,32,165,169,75,163,25,29,125,6,15,70,37,156,71,8,184,162,109,72,78,131,110,101,59,80,100,30,114,182,139,36,58,151,175,197,1,117,98,157,142,137,158,54,57,193,172,39,107,55,14,13,111,52,40,87,181,68,9,28,105,69,159,38,144,56,63,140,99,73,74,192,103,35,161,102,12,133,76,112,104,31,53,146,108,188,44,155,17,16,194,34,154,60,179,27,43,127,96,171,141,11,22,64,79,177,199,166,83,86,119,81,153,129,24,150,10,185,62,120,178,46,180,191,121];True;7440.0
5148;6726;11874;[198,174,91,196,130,5,42,47,26,89,115,152,186,7,88,123,106,20,190,183,124,168,164,45,19,41,113,61,145,138,48,82,187,128,134,195,33,94,118,126,143,160,1,75,77,149,189,148,173,116,65,4,84,122,2,97,0,85,18,132,176,3,136,49,170,95,167,93,66,135,51,50,21,92,90,67,32,165,169,23,163,25,29,147,6,15,70,37,156,71,8,184,162,109,72,78,131,110,101,59,80,100,30,114,182,139,36,58,151,175,197,125,117,98,157,142,137,158,54,57,193,172,39,107,55,14,13,111,52,40,87,181,68,9,28,105,69,159,38,144,56,63,140,99,73,74,192,103,35,161,102,12,133,76,112,104,31,53,146,108,188,44,155,17,16,194,34,154,60,179,27,43,127,96,171,141,11,22,64,79,177,199,166,83,86,119,81,153,129,24,150,10,185,62,120,178,46,180,191,121];True;7456.0
5162;6723;11885;[198,174,125,196,130,5,42,47,26,89,115,152,186,7,88,123,106,20,190,183,124,168,164,45,19,41,113,61,145,138,48,82,187,128,134,195,33,94,118,126,143,160,91,23,77,149,189,148,173,116,65,4,84,122,2,97,0,85,18,132,176,3,136,49,170,95,167,93,66,135,51,50,21,92,90,67,32,165,169,75,163,25,29,147,6,15,70,37,156,71,8,184,162,109,72,78,131,110,101,59,80,100,30,114,182,139,36,58,151,175,197,1,117,98,157,142,137,158,54,57,193,172,39,107,55,14,13,111,52,40,87,181,68,9,28,105,69,159,38,144,56,63,140,99,73,74,192,103,35,161,102,12,133,76,112,104,31,53,146,108,188,44,155,17,16,194,34,154,60,179,27,43,127,96,171,141,11,22,64,79,177,199,166,83,86,119,81,153,129,24,150,10,185,62,120,178,46,180,191,121];True;7444.0
5212;6719;11931;[198,174,125,196,130,5,42,47,26,89,115,152,186,7,88,123,106,20,190,183,124,168,164,45,19,41,113,61,145,138,48,82,187,128,134,195,33,94,118,126,143,160,91,23,77,149,189,148,173,116,65,4,84,122,2,97,0,85,18,132,176,3,136,49,170,95,167,93,66,135,51,50,21,92,90,67,32,165,169,75,163,25,146,147,6,15,70,37,156,71,8,184,162,109,72,78,131,110,101,59,80,100,30,114,182,139,36,58,151,175,197,1,117,98,157,142,137,158,54,57,193,172,39,107,55,14,13,111,52,40,87,181,68,9,28,105,69,159,38,144,56,63,140,99,73,74,192,103,35,161,102,12,133,76,112,104,31,53,29,108,188,44,155,17,16,194,34,154,60,179,27,43,127,96,171,141,11,22,64,79,177,199,166,83,86,119,81,153,129,24,150,10,185,62,120,178,46,180,191,121];True;7424.0
5305;6711;12016;[198,174,125,196,130,5,42,47,26,89,115,152,186,148,15,123,106,20,190,183,124,168,164,45,19,41,113,61,145,138,48,82,187,128,134,195,33,94,118,126,143,160,91,23,77,149,189,7,173,116,65,4,84,122,2,97,0,85,18,132,176,3,136,49,170,95,167,93,66,135,51,50,21,92,90,67,32,165,169,75,163,25,146,147,6,88,70,37,156,71,8,184,162,109,72,78,131,110,101,59,80,100,30,114,182,139,36,58,151,175,197,1,117,98,157,142,137,158,54,57,193,172,39,107,55,14,13,111,52,40,87,181,68,9,28,105,69,159,38,144,56,63,140,99,73,74,192,103,35,161,102,12,133,76,112,104,31,53,29,108,188,44,155,17,16,194,34,154,60,179,27,43,127,96,171,141,11,22,64,79,177,199,166,83,86,119,81,153,129,24,150,10,185,62,120,178,46,180,191,121];True;7400.0
5865;6703;12568;[146,106,90,86,54,120,89,46,152,18,185,175,12,7,85,15,135,198,19,33,183,17,154,38,178,13,197,123,29,71,44,91,52,2,83,59,93,138,124,94,118,48,34,69,149,163,186,148,173,116,65,192,10,95,61,97,0,77,57,26,145,3,136,49,170,103,105,74,20,156,140,194,51,50,82,67,32,165,169,23,75,36,98,25,1,88,70,37,21,92,8,184,190,109,72,78,111,128,171,110,80,100,30,114,182,139,125,187,158,62,189,130,5,122,157,84,131,79,42,27,193,172,39,107,55,14,147,196,167,40,87,181,68,9,28,162,108,102,132,144,56,63,73,99,16,159,164,41,35,161,191,174,101,134,112,104,31,53,180,4,188,168,155,126,143,142,115,127,60,179,47,43,133,76,151,141,11,58,64,96,177,199,166,22,195,119,81,153,129,24,150,6,137,117,113,66,176,160,45,121];True;4787.0
6004;6702;12706;[73,140,90,86,54,120,89,46,152,18,185,175,12,7,85,15,135,198,19,33,183,17,154,38,178,13,197,123,29,71,44,91,52,2,83,59,93,138,124,94,118,48,34,69,149,163,186,148,173,116,65,192,10,95,61,97,0,77,57,26,145,3,136,49,170,103,105,74,20,156,31,194,51,50,82,67,32,165,169,23,75,36,98,25,1,88,70,37,21,92,8,184,190,109,72,78,111,128,171,110,80,100,30,114,182,139,125,187,158,62,189,130,5,122,157,84,131,79,42,27,193,172,39,107,55,14,147,196,167,40,87,181,68,9,28,162,108,102,132,144,56,63,146,99,16,159,164,41,35,161,191,174,101,134,112,104,106,53,180,4,188,168,155,126,143,142,115,127,60,179,47,43,133,76,151,141,11,58,64,96,177,199,166,22,195,119,81,153,129,24,150,6,137,117,113,66,176,160,45,121];True;4763.0
6069;6700;12769;[73,140,41,49,54,120,89,46,152,18,185,175,12,7,85,15,135,198,19,33,183,17,154,38,178,13,197,123,29,71,44,91,52,2,83,59,93,138,124,94,118,48,34,90,149,163,186,148,173,116,65,192,10,95,61,97,0,77,57,26,145,3,136,137,170,103,105,74,20,156,31,194,51,50,82,67,32,165,169,23,75,36,98,25,1,88,70,37,21,92,8,184,190,109,72,78,111,128,171,110,80,100,30,114,182,139,125,187,158,62,189,130,5,122,157,84,131,79,42,27,193,172,39,107,55,14,147,196,167,40,87,181,68,9,28,162,108,102,132,144,56,63,146,99,16,159,164,69,35,161,191,174,101,134,112,104,106,53,180,4,188,168,155,126,143,142,115,127,60,179,47,43,133,76,151,141,11,58,64,96,177,199,166,22,195,119,81,153,129,24,150,6,86,117,113,66,176,160,45,121];True;4698.0
6075;6696;12771;[73,146,41,49,54,120,89,46,152,18,185,175,12,7,85,15,135,198,19,33,183,17,154,38,178,13,197,123,29,71,44,91,52,2,83,59,93,138,124,94,118,48,34,90,149,163,186,148,173,116,65,192,10,95,61,97,0,77,57,26,145,3,136,137,170,103,105,74,20,156,31,194,51,50,82,67,32,165,169,23,75,36,98,25,1,88,70,37,21,92,8,184,190,109,72,78,111,128,171,110,80,100,30,114,182,139,125,187,158,62,189,130,5,122,157,84,131,79,42,27,193,172,39,107,55,14,147,196,167,40,87,181,68,9,28,162,108,102,132,144,56,63,140,99,16,159,164,69,35,161,191,174,101,134,112,104,106,53,180,4,188,168,155,126,143,142,115,127,60,179,47,43,133,76,151,141,11,58,64,96,177,199,166,22,195,119,81,153,129,24,150,6,86,117,113,66,176,160,45,121];True;4690.0
6137;6694;12831;[73,146,41,137,54,120,89,46,152,18,185,175,12,7,85,15,135,198,19,33,183,17,154,38,178,13,197,123,29,71,44,91,52,2,83,59,93,138,124,94,118,48,34,90,149,163,186,148,173,116,65,192,10,95,61,97,0,77,57,26,145,3,136,49,170,103,105,74,20,156,31,194,51,50,82,67,32,165,169,23,75,36,98,25,1,88,70,37,21,92,8,184,190,109,72,78,111,128,171,110,80,100,30,114,182,139,125,187,158,62,189,130,5,122,157,84,131,79,42,27,193,172,39,107,55,14,147,196,167,40,87,181,68,9,28,162,108,102,132,144,56,63,140,99,16,159,164,69,35,161,191,174,101,134,112,104,106,53,180,4,188,168,155,126,143,142,115,127,60,179,47,43,133,76,151,141,11,58,64,96,177,199,166,22,195,119,81,153,129,24,150,6,86,117,113,66,176,160,45,121];True;4665.0
6235;6692;12927;[73,16,41,137,54,120,89,46,152,18,185,175,12,7,85,15,135,198,19,33,183,17,154,38,178,13,197,123,29,71,44,91,52,2,83,59,93,138,124,94,118,48,92,90,149,163,186,148,173,116,65,192,10,95,61,97,0,77,57,26,145,3,136,49,170,103,105,74,20,156,31,194,51,50,82,67,32,165,169,23,75,36,98,25,1,88,70,37,21,146,8,184,190,109,72,78,111,128,171,110,80,100,30,114,182,139,125,187,158,62,189,130,5,122,157,84,131,79,42,27,193,172,39,107,55,14,147,196,167,40,87,181,68,9,28,162,108,102,132,144,56,63,140,99,34,159,164,69,35,161,191,174,101,134,112,104,106,53,180,4,188,168,155,126,143,142,115,127,60,179,47,43,133,76,151,141,11,58,64,96,177,199,166,22,195,119,81,153,129,24,150,6,86,117,113,66,176,160,45,121];True;4638.0
6265;6689;12954;[50,16,41,137,54,120,89,46,152,18,185,175,12,7,85,15,135,198,19,33,183,17,154,38,178,13,197,123,29,71,44,91,52,2,83,59,93,138,124,94,118,48,92,90,149,163,186,148,173,116,65,192,10,95,61,97,0,77,57,26,145,3,136,49,170,103,105,74,20,156,31,194,51,73,82,67,32,165,169,23,75,36,98,25,1,88,70,37,21,146,8,184,190,109,72,78,111,128,171,110,80,100,30,114,182,139,125,187,158,62,189,130,5,122,157,84,131,79,42,27,193,172,39,107,55,14,147,196,167,40,87,181,68,9,28,162,108,102,132,144,56,63,140,99,34,159,164,69,35,161,191,174,101,134,112,104,106,53,180,4,188,168,155,126,143,142,115,127,60,179,47,43,133,76,151,141,11,58,64,96,177,199,166,22,195,119,81,153,129,24,150,6,86,117,113,66,176,160,45,121];True;4629.0
6801;6688;13489;[34,125,78,83,86,128,141,98,75,89,137,133,12,185,54,52,189,28,38,14,136,118,10,36,184,66,46,44,23,190,109,56,73,74,143,91,69,159,15,135,37,8,71,48,92,90,131,59,93,3,169,142,191,61,145,94,13,111,7,77,176,35,97,171,57,2,167,107,123,50,146,51,20,17,82,67,170,18,132,161,115,25,105,4,6,88,70,108,21,106,154,122,197,162,72,163,158,110,129,24,130,127,30,114,182,139,178,84,101,175,85,1,117,120,157,173,186,79,42,27,193,172,39,32,55,155,33,192,165,40,87,181,68,9,103,140,147,196,95,144,156,180,188,65,53,183,164,41,149,152,102,62,5,134,112,104,99,63,31,198,138,168,29,126,16,194,19,49,60,179,47,43,187,76,151,148,80,58,64,96,177,199,166,22,195,119,81,153,11,26,150,174,100,0,113,116,124,160,45,121];True;4295.0
6837;6683;13520;[34,84,67,80,58,158,141,177,132,89,137,133,12,185,54,52,189,28,38,14,72,118,10,36,184,66,46,44,91,190,109,56,73,74,143,23,69,159,15,135,37,8,71,48,92,90,131,59,93,3,169,142,191,61,145,94,13,86,7,77,176,35,97,128,57,2,167,107,123,50,146,51,20,17,82,78,170,18,75,161,115,25,105,4,6,88,70,108,21,106,154,122,197,162,125,163,171,110,129,24,130,127,30,114,182,139,178,136,101,175,85,1,117,120,157,173,186,79,42,27,193,172,39,32,55,155,33,192,165,40,87,181,68,9,103,140,147,196,95,144,156,180,188,65,53,183,164,41,149,152,102,62,98,134,112,104,99,63,31,198,138,168,29,126,16,194,19,49,60,179,5,43,187,76,151,148,83,111,64,96,11,199,166,22,195,119,81,153,47,26,150,174,100,0,113,116,124,160,45,121];True;4592.0
6841;6681;13522;[198,84,67,80,58,158,141,177,132,89,137,133,12,185,54,52,189,28,38,14,72,118,10,36,184,66,46,44,91,190,109,56,73,74,143,23,69,159,15,135,37,8,71,48,92,90,131,59,93,3,169,142,191,61,145,94,13,86,7,77,176,35,97,128,57,2,167,107,123,50,146,51,20,17,82,78,170,18,75,161,115,25,105,4,6,88,70,108,21,106,154,122,197,162,125,163,171,110,129,24,130,127,30,114,182,139,178,136,101,175,85,1,117,120,157,173,186,79,42,27,193,172,39,32,55,155,33,192,165,40,87,181,68,9,103,140,147,196,95,144,156,180,188,65,53,183,164,41,149,152,102,62,98,134,112,104,99,63,31,34,138,168,29,126,16,194,19,49,60,179,5,43,187,76,151,148,83,111,64,96,11,199,166,22,195,119,81,153,47,26,150,174,100,0,113,116,124,160,45,121];True;4585.0
6846;6678;13524;[198,174,67,80,58,158,141,177,132,89,137,133,12,185,54,52,189,28,38,14,72,118,10,36,184,66,46,44,91,190,109,56,73,74,143,23,69,159,15,135,37,8,71,48,92,90,131,59,93,3,169,142,191,61,145,94,13,86,7,77,176,35,97,128,57,2,167,107,123,50,146,51,20,17,82,78,170,18,75,161,115,25,105,4,6,88,70,108,21,106,154,122,197,162,125,163,171,110,129,24,130,127,30,114,182,139,178,136,101,175,85,1,117,120,157,173,186,79,42,27,193,172,39,32,55,155,33,192,165,40,87,181,68,9,103,140,147,196,95,144,156,180,188,65,53,183,164,41,149,152,102,62,98,134,112,104,99,63,31,34,138,168,29,126,16,194,19,49,60,179,5,43,187,76,151,148,83,111,64,96,11,199,166,22,195,119,81,153,47,26,150,84,100,0,113,116,124,160,45,121];True;4577.0
6899;6677;13576;[198,174,91,83,86,128,141,177,132,89,137,133,12,185,54,52,189,28,38,14,72,118,10,36,184,66,46,44,23,190,109,56,73,74,143,196,69,159,15,135,37,8,71,48,92,90,131,59,93,3,169,142,191,61,145,94,13,111,7,77,176,35,97,171,57,2,167,107,123,50,146,51,20,17,82,78,170,18,75,161,115,25,105,4,6,88,70,108,21,106,154,122,197,162,125,163,158,110,129,24,130,127,30,114,182,139,178,136,101,175,85,1,117,120,157,173,186,79,42,27,193,172,39,32,55,155,33,192,165,40,87,181,68,9,103,140,147,67,95,144,156,180,188,65,53,183,164,41,149,152,102,62,98,134,112,104,99,63,31,34,138,168,29,126,16,194,19,49,60,179,5,43,187,76,151,148,80,58,64,96,11,199,166,22,195,119,81,153,47,26,150,84,100,0,113,116,124,160,45,121];True;4514.0
6905;6674;13579;[198,174,67,83,86,128,141,177,132,89,137,133,12,185,54,52,189,28,38,14,72,118,10,36,184,66,46,44,91,190,109,56,73,74,143,23,69,159,15,135,37,8,71,48,92,90,131,59,93,3,169,142,191,61,145,94,13,111,7,77,176,35,97,171,57,2,167,107,123,50,146,51,20,17,82,78,170,18,75,161,115,25,105,4,6,88,70,108,21,106,154,122,197,162,125,163,158,110,129,24,130,127,30,114,182,139,178,136,101,175,85,1,117,120,157,173,186,79,42,27,193,172,39,32,55,155,33,192,165,40,87,181,68,9,103,140,147,196,95,144,156,180,188,65,53,183,164,41,149,152,102,62,98,134,112,104,99,63,31,34,138,168,29,126,16,194,19,49,60,179,5,43,187,76,151,148,80,58,64,96,11,199,166,22,195,119,81,153,47,26,150,84,100,0,113,116,124,160,45,121];True;4539.0
6949;6673;13622;[198,174,67,83,111,128,141,177,132,89,137,133,12,185,54,52,189,28,38,14,72,118,10,36,184,66,46,44,91,190,109,56,73,74,143,23,69,159,15,135,37,8,71,48,92,90,131,59,93,3,169,142,191,61,145,94,13,86,7,77,176,35,97,171,57,2,167,107,123,50,146,51,20,17,82,78,170,18,75,161,115,25,105,4,6,88,70,108,21,106,154,122,197,162,125,163,158,110,129,24,130,127,30,114,182,139,178,136,101,175,85,1,117,120,157,173,186,79,42,27,193,172,39,32,55,155,33,192,165,40,87,181,68,9,103,140,147,196,95,144,156,180,188,65,53,183,164,41,149,152,102,62,98,134,112,104,99,63,31,34,138,168,29,126,16,194,19,49,60,179,5,43,187,76,151,148,80,58,64,96,11,199,166,22,195,119,81,153,47,26,150,84,100,0,113,116,124,160,45,121];True;4547.0
6956;6671;13627;[198,174,67,83,111,171,141,177,132,89,137,133,12,185,54,52,189,28,38,14,72,118,10,36,184,66,46,44,91,190,109,56,73,74,143,23,69,159,15,135,37,8,71,48,92,90,131,59,93,3,169,142,191,61,145,94,13,86,7,77,176,35,97,128,57,2,167,107,123,50,146,51,20,17,82,78,170,18,75,161,115,25,105,4,6,88,70,108,21,106,154,122,197,162,125,163,158,110,129,24,130,127,30,114,182,139,178,136,101,175,85,1,117,120,157,173,186,79,42,27,193,172,39,32,55,155,33,192,165,40,87,181,68,9,103,140,147,196,95,144,156,180,188,65,53,183,164,41,149,152,102,62,98,134,112,104,99,63,31,34,138,168,29,126,16,194,19,49,60,179,5,43,187,76,151,148,80,58,64,96,11,199,166,22,195,119,81,153,47,26,150,84,100,0,113,116,124,160,45,121];True;4555.0
6983;6666;13649;[34,90,67,83,86,128,141,11,132,89,137,133,12,185,54,52,189,28,38,14,72,118,10,36,184,66,46,44,23,190,109,56,73,74,143,91,69,159,15,135,37,8,71,48,92,84,131,59,93,3,169,142,191,61,145,94,13,111,7,77,176,35,97,171,57,2,167,107,123,50,146,51,20,17,82,78,170,18,75,161,115,25,105,4,6,88,70,108,21,106,154,122,197,162,125,163,158,110,129,24,130,127,30,114,182,139,178,136,101,175,85,1,117,120,157,173,186,79,42,27,193,172,39,32,55,155,33,192,165,40,87,181,68,9,103,140,147,196,95,144,156,180,188,65,53,183,164,41,149,152,102,62,98,134,112,104,99,63,31,198,138,168,29,126,16,194,19,49,60,179,5,43,187,76,151,148,80,58,64,96,177,199,166,22,195,119,81,153,47,26,150,174,100,0,113,116,124,160,45,121];True;4466.0
7022;6660;13682;[34,84,67,83,86,128,141,11,132,89,137,133,12,185,54,52,189,28,38,14,72,118,10,36,184,66,46,44,23,190,109,56,73,74,143,91,69,159,15,135,37,8,71,48,92,90,131,59,93,3,169,142,191,61,145,94,13,111,7,77,176,35,97,171,57,2,167,107,123,50,146,51,20,17,82,78,170,18,75,161,115,25,105,4,6,88,70,108,21,106,154,122,197,162,125,163,158,110,129,24,130,127,30,114,182,139,178,136,101,175,85,1,117,120,157,173,186,79,42,27,193,172,39,32,55,155,33,192,165,40,87,181,68,9,103,140,147,196,95,144,156,180,188,65,53,183,164,41,149,152,102,62,98,134,112,104,99,63,31,198,138,168,29,126,16,194,19,49,60,179,5,43,187,76,151,148,80,58,64,96,177,199,166,22,195,119,81,153,47,26,150,174,100,0,113,116,124,160,45,121];True;4472.0
7024;6659;13683;[198,174,196,83,86,128,141,11,132,89,137,133,12,185,54,52,189,28,38,14,72,118,10,36,184,66,46,44,23,190,109,56,73,74,143,91,69,159,15,135,37,8,71,48,92,90,131,59,93,3,169,142,191,61,145,94,13,111,7,77,176,35,97,171,57,2,167,107,123,50,146,51,20,17,82,78,170,18,75,161,115,25,105,4,6,88,70,108,21,106,154,122,197,162,125,163,158,110,129,24,130,127,30,114,182,139,178,136,101,175,85,1,117,120,157,173,186,79,42,27,193,172,39,32,55,155,33,192,165,40,87,181,68,9,103,140,147,67,95,144,156,180,188,65,53,183,164,41,149,152,102,62,98,134,112,104,99,63,31,34,138,168,29,126,16,194,19,49,60,179,5,43,187,76,151,148,80,58,64,96,177,199,166,22,195,119,81,153,47,26,150,84,100,0,113,116,124,160,45,121];True;4497.0
7026;6658;13684;[198,84,67,83,86,128,141,11,132,89,137,133,12,185,54,52,189,28,38,14,72,118,10,36,184,66,46,44,23,190,109,56,73,74,143,91,69,159,15,135,37,8,71,48,92,90,131,59,93,3,169,142,191,61,145,94,13,111,7,77,176,35,97,171,57,2,167,107,123,50,146,51,20,17,82,78,170,18,75,161,115,25,105,4,6,88,70,108,21,106,154,122,197,162,125,163,158,110,129,24,130,127,30,114,182,139,178,136,101,175,85,1,117,120,157,173,186,79,42,27,193,172,39,32,55,155,33,192,165,40,87,181,68,9,103,140,147,196,95,144,156,180,188,65,53,183,164,41,149,152,102,62,98,134,112,104,99,63,31,34,138,168,29,126,16,194,19,49,60,179,5,43,187,76,151,148,80,58,64,96,177,199,166,22,195,119,81,153,47,26,150,174,100,0,113,116,124,160,45,121];True;4480.0
7021;6664;13685;[198,174,91,83,86,128,141,11,132,89,137,133,12,185,54,52,189,28,38,14,72,118,10,36,184,66,46,44,23,190,109,56,73,74,143,196,69,159,15,135,37,8,71,48,92,90,131,59,93,3,169,142,191,61,145,94,13,111,7,77,176,35,97,171,57,2,167,107,123,50,146,51,20,17,82,78,170,18,75,161,115,25,105,4,6,88,70,108,21,106,154,122,197,162,125,163,158,110,129,24,130,127,30,114,182,139,178,136,101,175,85,1,117,120,157,173,186,79,42,27,193,172,39,32,55,155,33,192,165,40,87,181,68,9,103,140,147,67,95,144,156,180,188,65,53,183,164,41,149,152,102,62,98,134,112,104,99,63,31,34,138,168,29,126,16,194,19,49,60,179,5,43,187,76,151,148,80,58,64,96,177,199,166,22,195,119,81,153,47,26,150,84,100,0,113,116,124,160,45,121];True;4505.0
7031;6655;13686;[198,174,67,83,86,128,141,11,132,89,137,133,12,185,54,52,189,28,38,14,72,118,10,36,184,66,46,44,23,190,109,56,73,74,143,91,69,159,15,135,37,8,71,48,92,90,131,59,93,3,169,142,191,61,145,94,13,111,7,77,176,35,97,171,57,2,167,107,123,50,146,51,20,17,82,78,170,18,75,161,115,25,105,4,6,88,70,108,21,106,154,122,197,162,125,163,158,110,129,24,130,127,30,114,182,139,178,136,101,175,85,1,117,120,157,173,186,79,42,27,193,172,39,32,55,155,33,192,165,40,87,181,68,9,103,140,147,196,95,144,156,180,188,65,53,183,164,41,149,152,102,62,98,134,112,104,99,63,31,34,138,168,29,126,16,194,19,49,60,179,5,43,187,76,151,148,80,58,64,96,177,199,166,22,195,119,81,153,47,26,150,84,100,0,113,116,124,160,45,121];True;4488.0
7073;6654;13727;[34,84,67,83,86,128,141,11,75,89,137,133,12,185,54,52,189,28,38,14,72,118,10,36,184,66,46,44,23,190,109,56,73,74,143,91,69,159,15,135,37,8,71,48,92,90,131,59,93,3,169,142,191,61,145,94,13,111,7,77,176,35,97,171,57,2,167,107,123,50,146,51,20,17,82,78,170,18,132,161,115,25,105,4,6,88,70,108,21,106,154,122,197,162,125,163,158,110,129,24,130,127,30,114,182,139,178,136,101,175,85,1,117,120,157,173,186,79,42,27,193,172,39,32,55,155,33,192,165,40,87,181,68,9,103,140,147,196,95,144,156,180,188,65,53,183,164,41,149,152,102,62,98,134,112,104,99,63,31,198,138,168,29,126,16,194,19,49,60,179,5,43,187,76,151,148,80,58,64,96,177,199,166,22,195,119,81,153,47,26,150,174,100,0,113,116,124,160,45,121];True;4454.0
7075;6653;13728;[198,174,196,83,86,128,141,11,75,89,137,133,12,185,54,52,189,28,38,14,72,118,10,36,184,66,46,44,23,190,109,56,73,74,143,91,69,159,15,135,37,8,71,48,92,90,131,59,93,3,169,142,191,61,145,94,13,111,7,77,176,35,97,171,57,2,167,107,123,50,146,51,20,17,82,78,170,18,132,161,115,25,105,4,6,88,70,108,21,106,154,122,197,162,125,163,158,110,129,24,130,127,30,114,182,139,178,136,101,175,85,1,117,120,157,173,186,79,42,27,193,172,39,32,55,155,33,192,165,40,87,181,68,9,103,140,147,67,95,144,156,180,188,65,53,183,164,41,149,152,102,62,98,134,112,104,99,63,31,34,138,168,29,126,16,194,19,49,60,179,5,43,187,76,151,148,80,58,64,96,177,199,166,22,195,119,81,153,47,26,150,84,100,0,113,116,124,160,45,121];True;4434.0
7077;6652;13729;[198,84,67,83,86,128,141,11,75,89,137,133,12,185,54,52,189,28,38,14,72,118,10,36,184,66,46,44,23,190,109,56,73,74,143,91,69,159,15,135,37,8,71,48,92,90,131,59,93,3,169,142,191,61,145,94,13,111,7,77,176,35,97,171,57,2,167,107,123,50,146,51,20,17,82,78,170,18,132,161,115,25,105,4,6,88,70,108,21,106,154,122,197,162,125,163,158,110,129,24,130,127,30,114,182,139,178,136,101,175,85,1,117,120,157,173,186,79,42,27,193,172,39,32,55,155,33,192,165,40,87,181,68,9,103,140,147,196,95,144,156,180,188,65,53,183,164,41,149,152,102,62,98,134,112,104,99,63,31,34,138,168,29,126,16,194,19,49,60,179,5,43,187,76,151,148,80,58,64,96,177,199,166,22,195,119,81,153,47,26,150,174,100,0,113,116,124,160,45,121];True;4448.0
7082;6649;13731;[198,174,67,83,86,128,141,11,75,89,137,133,12,185,54,52,189,28,38,14,72,118,10,36,184,66,46,44,23,190,109,56,73,74,143,91,69,159,15,135,37,8,71,48,92,90,131,59,93,3,169,142,191,61,145,94,13,111,7,77,176,35,97,171,57,2,167,107,123,50,146,51,20,17,82,78,170,18,132,161,115,25,105,4,6,88,70,108,21,106,154,122,197,162,125,163,158,110,129,24,130,127,30,114,182,139,178,136,101,175,85,1,117,120,157,173,186,79,42,27,193,172,39,32,55,155,33,192,165,40,87,181,68,9,103,140,147,196,95,144,156,180,188,65,53,183,164,41,149,152,102,62,98,134,112,104,99,63,31,34,138,168,29,126,16,194,19,49,60,179,5,43,187,76,151,148,80,58,64,96,177,199,166,22,195,119,81,153,47,26,150,84,100,0,113,116,124,160,45,121];True;4441.0
7693;6647;14340;[198,162,125,49,111,171,141,98,3,161,137,133,12,185,54,57,169,75,36,23,136,115,15,135,184,174,46,44,191,190,109,10,73,74,143,91,69,28,8,118,34,159,188,48,92,90,131,59,93,14,178,142,163,61,145,94,13,86,7,38,176,35,97,128,52,2,167,107,123,50,194,51,146,17,82,67,170,18,132,89,77,25,105,4,6,88,70,108,21,106,154,122,197,24,72,78,158,110,129,189,130,127,30,114,182,139,66,84,101,175,85,1,117,120,157,173,186,79,42,27,193,172,39,32,55,155,33,192,165,40,87,181,68,9,103,140,147,196,95,144,156,180,37,65,53,183,164,41,149,152,102,62,5,134,112,104,99,63,31,71,138,168,29,126,16,20,19,83,60,179,47,43,187,76,151,148,80,58,64,96,177,199,166,22,195,119,81,153,11,26,150,56,100,0,113,116,124,160,45,121];True;3391.0
7825;6646;14471;[146,63,118,136,149,83,59,57,132,75,163,133,12,185,111,36,169,115,89,3,161,159,15,135,53,174,46,44,23,190,109,10,184,51,198,91,69,28,8,37,94,194,188,48,92,90,131,148,93,14,178,191,66,61,145,84,13,151,7,38,176,35,97,128,52,2,167,107,123,50,29,65,140,17,82,18,0,77,196,170,129,25,105,4,6,88,70,108,21,106,154,122,197,24,72,78,86,110,171,189,49,127,30,114,182,139,180,137,158,175,85,1,117,120,157,173,186,79,42,27,193,172,39,32,55,125,33,192,165,40,87,181,68,9,103,162,147,67,95,144,156,155,31,143,160,183,164,41,152,130,102,62,5,134,112,104,99,73,74,20,138,168,34,126,16,71,19,98,60,179,47,43,187,76,101,141,11,58,64,96,177,199,166,22,195,119,81,153,80,26,150,56,100,54,113,116,124,142,45,121];True;3323.0
7866;6641;14507;[50,63,118,136,149,83,59,57,132,75,163,133,12,185,111,36,169,115,89,3,161,159,15,135,53,174,46,44,23,190,109,10,184,51,198,91,69,28,8,37,94,194,188,48,92,90,131,148,93,14,178,191,66,61,145,84,13,151,7,38,176,35,97,128,52,2,167,107,123,146,29,65,140,17,82,18,0,77,196,170,129,25,105,4,6,88,70,108,21,106,154,122,197,24,72,78,86,110,171,189,49,127,30,114,182,139,180,137,158,175,85,1,117,120,157,173,186,79,42,27,193,172,39,32,55,125,33,192,165,40,87,181,68,9,103,162,147,67,95,144,156,155,31,143,160,183,164,41,152,130,102,62,5,134,112,104,99,73,74,20,138,168,34,126,16,71,19,98,60,179,47,43,187,76,101,141,11,58,64,96,177,199,166,22,195,119,81,153,80,26,150,56,100,54,113,116,124,142,45,121];True;3313.0
7889;6632;14521;[73,162,125,49,101,171,141,98,3,161,137,133,12,185,54,57,169,75,36,23,136,66,15,135,194,115,46,44,191,190,109,10,184,74,143,91,69,28,8,118,34,159,188,48,92,90,131,59,93,14,178,142,163,61,145,94,13,86,7,38,176,35,97,128,52,2,167,107,123,50,146,51,198,17,82,67,170,18,132,89,77,25,105,4,6,88,70,108,21,106,154,122,197,24,72,78,158,110,129,189,130,127,30,114,182,139,29,84,111,175,85,1,117,120,157,173,186,79,42,27,193,172,39,32,55,155,33,192,165,40,87,181,68,9,103,140,147,196,95,144,156,180,37,65,53,183,164,41,149,152,102,62,5,134,112,104,99,63,31,20,138,168,56,126,16,71,19,83,60,179,47,43,187,76,151,148,80,58,64,96,177,199,166,22,195,119,81,153,11,26,150,174,100,0,113,116,124,160,45,121];True;2966.0
7946;6627;14573;[50,162,125,49,101,171,141,98,3,161,137,133,12,185,54,57,169,75,36,23,136,66,15,135,194,115,46,44,191,190,109,10,184,74,143,91,69,28,8,118,34,159,188,48,92,90,131,59,93,14,178,142,163,61,145,94,13,86,7,38,176,35,97,128,52,2,167,107,123,73,146,51,198,17,82,67,170,18,132,89,77,25,105,4,6,88,70,108,21,106,154,122,197,24,72,78,158,110,129,189,130,127,30,114,182,139,29,84,111,175,85,1,117,120,157,173,186,79,42,27,193,172,39,32,55,155,33,192,165,40,87,181,68,9,103,140,147,196,95,144,156,180,37,65,53,183,164,41,149,152,102,62,5,134,112,104,99,63,31,20,138,168,56,126,16,71,19,83,60,179,47,43,187,76,151,148,80,58,64,96,177,199,166,22,195,119,81,153,11,26,150,174,100,0,113,116,124,160,45,121];True;2954.0
7973;6622;14595;[155,29,118,136,149,83,59,57,132,75,163,133,12,185,111,36,169,115,89,3,161,159,15,135,53,174,46,44,23,190,109,10,184,51,50,91,69,28,8,37,94,198,188,48,92,90,131,148,93,14,178,191,66,61,145,84,13,151,7,38,176,35,97,128,52,2,167,107,123,146,140,65,194,17,82,18,0,77,196,170,129,25,105,4,6,88,70,108,21,106,154,122,197,24,72,78,86,110,171,189,49,127,30,114,182,139,180,137,158,175,85,1,117,120,157,173,186,79,42,27,193,172,39,32,55,125,33,192,165,40,87,181,68,9,103,162,147,67,95,144,156,63,31,143,160,183,164,41,152,130,102,62,5,134,112,104,99,73,74,20,138,168,34,126,16,71,19,98,60,179,47,43,187,76,101,141,11,58,64,96,177,199,166,22,195,119,81,153,80,26,150,56,100,54,113,116,124,142,45,121];True;3225.0
7971;6626;14597;[63,29,118,136,149,83,59,57,132,75,163,133,12,185,111,36,169,115,89,3,161,159,15,135,53,174,46,44,23,190,109,10,184,51,50,91,69,28,8,37,94,194,188,48,92,90,131,148,93,14,178,191,66,61,145,84,13,151,7,38,176,35,97,128,52,2,167,107,123,146,140,65,198,17,82,18,0,77,196,170,129,25,105,4,6,88,70,108,21,106,154,122,197,24,72,78,86,110,171,189,49,127,30,114,182,139,180,137,158,175,85,1,117,120,157,173,186,79,42,27,193,172,39,32,55,125,33,192,165,40,87,181,68,9,103,162,147,67,95,144,156,155,31,143,160,183,164,41,152,130,102,62,5,134,112,104,99,73,74,20,138,168,34,126,16,71,19,98,60,179,47,43,187,76,101,141,11,58,64,96,177,199,166,22,195,119,81,153,80,26,150,56,100,54,113,116,124,142,45,121];True;3269.0
7985;6619;14604;[155,29,118,136,149,83,59,57,132,75,163,133,12,185,111,36,169,115,89,3,161,159,15,135,53,174,46,44,23,190,109,10,184,51,50,91,69,28,8,37,94,194,188,48,92,90,131,148,93,14,178,191,66,61,145,84,13,151,7,38,176,35,97,128,52,2,167,107,123,146,140,65,198,17,82,18,0,77,196,170,129,25,105,4,6,88,70,108,21,106,154,122,197,24,72,78,86,110,171,189,49,127,30,114,182,139,180,137,158,175,85,1,117,120,157,173,186,79,42,27,193,172,39,32,55,125,33,192,165,40,87,181,68,9,103,162,147,67,95,144,156,63,31,143,160,183,164,41,152,130,102,62,5,134,112,104,99,73,74,20,138,168,34,126,16,71,19,98,60,179,47,43,187,76,101,141,11,58,64,96,177,199,166,22,195,119,81,153,80,26,150,56,100,54,113,116,124,142,45,121];True;3258.0
8007;6615;14622;[198,29,118,136,149,83,59,57,132,75,163,133,12,185,111,36,169,115,89,3,161,159,15,135,53,174,46,44,23,190,109,10,184,51,50,91,69,28,8,37,94,194,188,48,92,90,131,148,93,14,178,191,66,61,145,84,13,151,7,38,176,35,97,128,52,2,167,107,123,146,140,65,155,17,82,18,0,77,196,170,129,25,105,4,6,88,70,108,21,106,154,122,197,24,72,78,86,110,171,189,49,127,30,114,182,139,180,137,158,175,85,1,117,120,157,173,186,79,42,27,193,172,39,32,55,125,33,192,165,40,87,181,68,9,103,162,147,67,95,144,156,63,31,143,160,183,164,41,152,130,102,62,5,134,112,104,99,73,74,20,138,168,34,126,16,71,19,98,60,179,47,43,187,76,101,141,11,58,64,96,177,199,166,22,195,119,81,153,80,26,150,56,100,54,113,116,124,142,45,121];True;3247.0
8096;6603;14699;[50,29,118,136,149,83,59,57,132,75,163,133,12,185,111,36,169,115,89,3,161,159,15,135,53,174,46,44,23,190,109,10,184,51,34,91,69,28,8,37,94,198,188,48,92,90,131,148,93,14,178,191,66,61,145,84,13,151,7,38,176,35,97,128,52,2,167,107,123,146,155,65,194,17,82,18,0,77,196,170,129,25,105,4,6,88,70,108,21,106,154,122,197,24,72,78,86,110,171,189,49,127,30,114,182,139,180,137,158,175,85,1,117,120,157,173,186,79,42,27,193,172,39,32,55,125,33,192,165,40,87,181,68,9,103,162,147,67,95,144,156,63,31,143,160,183,164,41,152,130,102,62,5,134,112,104,99,73,74,20,138,168,140,126,16,71,19,98,60,179,47,43,187,76,101,141,11,58,64,96,177,199,166,22,195,119,81,153,80,26,150,56,100,54,113,116,124,142,45,121];True;3192.0
8312;6601;14913;[50,29,118,136,149,83,59,57,132,75,163,133,12,185,111,36,169,115,89,3,161,159,15,135,53,174,46,44,23,190,109,10,184,51,34,91,69,28,8,37,94,198,188,48,92,90,131,148,93,14,178,191,66,61,145,84,13,151,7,38,176,35,97,128,52,2,167,107,123,73,155,65,194,17,82,18,0,77,196,170,129,25,105,4,6,88,70,108,21,106,154,122,197,24,72,78,86,110,171,189,49,127,30,114,182,139,180,137,158,175,85,1,117,120,157,173,186,79,42,27,193,172,39,32,55,125,33,192,165,40,87,181,68,9,103,162,147,67,95,144,156,146,31,143,160,183,164,41,152,130,102,62,5,134,112,104,99,63,74,20,138,168,140,126,16,71,19,98,60,179,47,43,187,76,101,141,11,58,64,96,177,199,166,22,195,119,81,153,80,26,150,56,100,54,113,116,124,142,45,121];True;3148.0
8334;6594;14928;[50,180,118,136,149,83,59,57,132,75,163,133,12,185,111,36,169,115,89,3,161,159,15,135,53,174,46,44,23,190,109,10,184,51,34,91,69,28,8,37,94,198,188,48,92,90,131,148,93,14,178,191,66,61,145,84,13,151,7,38,176,35,97,128,52,2,167,107,123,73,155,65,194,17,82,18,0,77,196,170,129,25,105,4,6,88,70,108,21,106,154,122,197,24,72,78,86,110,171,189,49,127,30,114,182,139,29,137,158,175,85,1,117,120,157,173,186,79,42,27,193,172,39,32,55,125,33,192,165,40,87,181,68,9,103,162,147,67,95,144,156,146,31,143,160,183,164,41,152,130,102,62,5,134,112,104,99,63,74,20,138,168,140,126,16,71,19,98,60,179,47,43,187,76,101,141,11,58,64,96,177,199,166,22,195,119,81,153,80,26,150,56,100,54,113,116,124,142,45,121];True;3136.0
8363;6586;14949;[73,174,118,136,149,83,59,57,132,75,163,133,12,185,111,36,169,84,89,3,161,159,15,135,53,180,46,44,23,190,109,10,184,51,34,91,69,28,8,37,94,198,188,48,92,90,131,148,93,14,178,191,66,61,145,115,13,151,7,38,176,35,97,128,52,2,167,107,123,50,155,65,194,17,82,18,0,77,196,170,129,25,105,4,6,88,70,108,21,106,154,122,197,24,72,78,86,110,171,189,49,127,30,114,182,139,29,137,158,175,85,1,117,120,157,173,186,79,42,27,193,172,39,32,55,125,33,192,165,40,87,181,68,9,103,162,147,67,95,144,156,146,31,143,160,183,164,41,152,130,102,62,5,134,112,104,99,63,74,20,138,168,140,126,16,71,19,98,60,179,47,43,187,76,101,141,11,58,64,96,177,199,166,22,195,119,81,153,80,26,150,56,100,54,113,116,124,142,45,121];True;3076.0
8378;6582;14960;[73,174,118,136,149,83,59,57,132,75,163,133,12,185,111,36,169,115,89,3,161,159,15,135,53,180,46,44,23,190,109,10,184,51,34,91,69,28,8,37,94,198,188,48,92,90,131,148,93,14,178,191,66,61,145,84,13,151,7,38,176,35,97,128,52,2,167,107,123,50,155,65,194,17,82,18,0,77,196,170,129,25,105,4,6,88,70,108,21,106,154,122,197,24,72,78,86,110,171,189,49,127,30,114,182,139,29,137,158,175,85,1,117,120,157,173,186,79,42,27,193,172,39,32,55,125,33,192,165,40,87,181,68,9,103,162,147,67,95,144,156,146,31,143,160,183,164,41,152,130,102,62,5,134,112,104,99,63,74,20,138,168,140,126,16,71,19,98,60,179,47,43,187,76,101,141,11,58,64,96,177,199,166,22,195,119,81,153,80,26,150,56,100,54,113,116,124,142,45,121];True;3112.0
8429;6581;15010;[50,174,118,136,149,83,59,57,132,75,163,133,12,185,111,36,169,115,89,3,161,159,15,135,53,180,46,44,23,190,109,10,184,51,34,91,69,28,8,37,94,198,188,48,92,90,131,148,93,14,178,191,66,61,145,84,13,151,7,38,176,35,97,128,52,2,167,107,123,73,155,65,194,17,82,18,0,77,196,170,129,25,105,4,6,88,70,108,21,106,154,122,197,24,72,78,86,110,171,189,49,127,30,114,182,139,29,137,158,175,85,1,117,120,157,173,186,79,42,27,193,172,39,32,55,125,33,192,165,40,87,181,68,9,103,162,147,67,95,144,156,146,31,143,160,183,164,41,152,130,102,62,5,134,112,104,99,63,74,20,138,168,140,126,16,71,19,98,60,179,47,43,187,76,101,141,11,58,64,96,177,199,166,22,195,119,81,153,80,26,150,56,100,54,113,116,124,142,45,121];True;3124.0
8570;6579;15149;[50,34,142,136,149,83,59,57,132,75,163,133,12,185,111,36,169,84,89,3,161,159,15,135,53,115,46,44,37,190,109,10,184,51,174,91,69,28,8,118,180,198,188,48,92,90,131,148,93,14,178,23,66,61,145,94,13,151,7,38,176,35,97,128,52,2,167,107,123,73,155,65,194,17,82,18,0,77,196,170,129,25,105,4,6,88,70,108,21,106,154,122,197,24,72,78,86,110,171,189,49,127,30,114,182,139,29,137,158,175,85,1,117,120,157,173,186,79,42,27,193,172,39,32,55,125,33,192,165,40,87,181,68,9,103,162,147,67,95,144,156,146,31,143,191,183,164,41,152,130,102,62,5,134,112,104,99,63,74,20,138,168,140,126,16,71,19,98,60,179,47,43,187,76,101,141,11,58,64,96,177,199,166,22,195,119,81,153,80,26,150,56,100,54,113,116,124,160,45,121];True;2895.0
8601;6578;15179;[50,34,142,136,149,83,59,57,132,75,163,133,12,185,111,36,169,84,89,3,161,159,15,135,194,115,46,44,37,190,109,10,184,51,174,91,69,28,8,118,180,53,188,48,92,90,131,148,93,14,178,23,66,61,145,94,13,151,7,38,176,35,97,128,52,2,167,107,123,73,155,65,198,17,82,18,0,77,196,170,129,25,105,4,6,88,70,108,21,106,154,122,197,24,72,78,86,110,171,189,49,127,30,114,182,139,29,137,158,175,85,1,117,120,157,173,186,79,42,27,193,172,39,32,55,125,33,192,165,40,87,181,68,9,103,162,147,67,95,144,156,146,31,143,191,183,164,41,152,130,102,62,5,134,112,104,99,63,74,20,138,168,140,126,16,71,19,98,60,179,47,43,187,76,101,141,11,58,64,96,177,199,166,22,195,119,81,153,80,26,150,56,100,54,113,116,124,160,45,121];True;2847.0
8656;6574;15230;[73,174,67,36,149,83,59,80,132,75,163,133,12,185,111,95,169,84,89,3,161,159,15,135,194,115,46,44,37,190,109,10,184,51,34,91,69,28,8,118,180,53,188,48,92,90,131,148,93,14,178,142,66,61,145,94,13,151,7,38,176,35,97,128,52,2,167,107,123,50,155,65,198,17,82,18,0,77,196,170,129,25,105,4,6,88,70,108,21,106,154,122,197,24,72,78,86,110,171,189,49,127,30,114,182,139,29,137,158,175,85,1,117,120,157,173,186,79,42,27,193,172,39,32,55,125,33,192,165,40,87,181,68,9,103,162,147,23,136,144,156,146,31,143,191,183,164,41,152,130,102,62,5,134,112,104,99,63,74,20,138,168,140,126,16,71,19,98,60,179,47,43,187,76,101,141,11,58,64,96,177,199,166,22,195,119,81,153,57,26,150,56,100,54,113,116,124,160,45,121];True;2588.0
8660;6572;15232;[73,174,67,75,149,83,59,57,132,136,163,133,12,185,111,36,169,84,89,3,161,159,15,135,194,115,46,44,37,190,109,10,184,51,34,91,69,28,8,118,180,53,188,48,92,90,131,148,93,14,178,142,66,61,145,94,13,151,7,38,176,35,97,128,52,2,167,107,123,50,155,65,198,17,82,18,0,77,196,170,129,25,105,4,6,88,70,108,21,106,154,122,197,24,72,78,86,110,171,189,49,127,30,114,182,139,29,137,158,175,85,1,117,120,157,173,186,79,42,27,193,172,39,32,55,125,33,192,165,40,87,181,68,9,103,162,147,23,95,144,156,146,31,143,191,183,164,41,152,130,102,62,5,134,112,104,99,63,74,20,138,168,140,126,16,71,19,98,60,179,47,43,187,76,101,141,11,58,64,96,177,199,166,22,195,119,81,153,80,26,150,56,100,54,113,116,124,160,45,121];True;2729.0
8711;6571;15282;[50,174,67,75,149,83,59,57,132,136,163,133,12,185,111,36,169,84,89,3,161,159,15,135,194,115,46,44,37,190,109,10,184,51,34,91,69,28,8,118,180,53,188,48,92,90,131,148,93,14,178,142,66,61,145,94,13,151,7,38,176,35,97,128,52,2,167,107,123,73,155,65,198,17,82,18,0,77,196,170,129,25,105,4,6,88,70,108,21,106,154,122,197,24,72,78,86,110,171,189,49,127,30,114,182,139,29,137,158,175,85,1,117,120,157,173,186,79,42,27,193,172,39,32,55,125,33,192,165,40,87,181,68,9,103,162,147,23,95,144,156,146,31,143,191,183,164,41,152,130,102,62,5,134,112,104,99,63,74,20,138,168,140,126,16,71,19,98,60,179,47,43,187,76,101,141,11,58,64,96,177,199,166,22,195,119,81,153,80,26,150,56,100,54,113,116,124,160,45,121];True;2742.0
8742;6570;15312;[73,174,23,136,149,83,59,80,132,75,163,133,12,185,111,36,169,84,89,3,161,159,15,135,194,115,46,44,37,190,109,10,184,51,34,91,69,28,8,118,180,53,188,48,92,90,131,148,93,14,178,142,66,61,145,94,13,151,7,38,176,35,97,128,52,2,167,107,123,50,155,65,198,17,82,18,0,77,196,170,129,25,105,4,6,88,70,108,21,106,154,122,197,24,72,78,86,110,171,189,49,127,30,114,182,139,29,137,158,175,85,1,117,120,157,173,186,79,42,27,193,172,39,32,55,125,33,192,165,40,87,181,68,9,103,162,147,67,95,144,156,146,31,143,191,183,164,41,152,130,102,62,5,134,112,104,99,63,74,20,138,168,140,126,16,71,19,98,60,179,47,43,187,76,101,141,11,58,64,96,177,199,166,22,195,119,81,153,57,26,150,56,100,54,113,116,124,160,45,121];True;2689.0
8765;6560;15325;[73,174,23,136,149,83,59,57,132,75,163,133,12,185,111,36,169,84,89,3,161,159,15,135,194,115,46,44,37,190,109,10,184,51,34,91,69,28,8,118,180,53,188,48,92,90,131,148,93,14,178,142,66,61,145,94,13,151,7,38,176,35,97,128,52,2,167,107,123,50,155,65,198,17,82,18,0,77,196,170,129,25,105,4,6,88,70,108,21,106,154,122,197,24,72,78,86,110,171,189,49,127,30,114,182,139,29,137,158,175,85,1,117,120,157,173,186,79,42,27,193,172,39,32,55,125,33,192,165,40,87,181,68,9,103,162,147,67,95,144,156,146,31,143,191,183,164,41,152,130,102,62,5,134,112,104,99,63,74,20,138,168,140,126,16,71,19,98,60,179,47,43,187,76,101,141,11,58,64,96,177,199,166,22,195,119,81,153,80,26,150,56,100,54,113,116,124,160,45,121];True;2783.0
8816;6559;15375;[50,174,23,136,149,83,59,57,132,75,163,133,12,185,111,36,169,84,89,3,161,159,15,135,194,115,46,44,37,190,109,10,184,51,34,91,69,28,8,118,180,53,188,48,92,90,131,148,93,14,178,142,66,61,145,94,13,151,7,38,176,35,97,128,52,2,167,107,123,73,155,65,198,17,82,18,0,77,196,170,129,25,105,4,6,88,70,108,21,106,154,122,197,24,72,78,86,110,171,189,49,127,30,114,182,139,29,137,158,175,85,1,117,120,157,173,186,79,42,27,193,172,39,32,55,125,33,192,165,40,87,181,68,9,103,162,147,67,95,144,156,146,31,143,191,183,164,41,152,130,102,62,5,134,112,104,99,63,74,20,138,168,140,126,16,71,19,98,60,179,47,43,187,76,101,141,11,58,64,96,177,199,166,22,195,119,81,153,80,26,150,56,100,54,113,116,124,160,45,121];True;2797.0
8885;6557;15442;[73,174,67,36,149,83,59,57,132,75,163,133,12,185,86,80,169,84,89,3,161,159,15,135,194,115,46,44,37,190,109,10,184,51,34,91,69,28,8,118,180,53,188,48,92,90,131,148,93,14,178,142,66,61,145,94,13,151,7,38,176,35,97,128,52,2,167,107,123,50,155,65,198,17,82,18,0,95,196,170,77,25,105,4,6,88,70,108,21,106,154,122,197,24,72,78,111,110,171,189,49,127,30,114,182,139,29,137,158,175,85,1,117,120,157,173,186,79,42,27,193,172,39,32,55,125,33,192,165,40,87,181,68,9,103,162,147,23,136,144,156,146,31,143,191,183,164,41,152,130,102,62,5,134,112,104,99,63,74,20,138,168,140,126,16,71,19,98,60,179,47,43,187,76,101,141,11,58,64,96,177,199,166,22,195,119,81,153,129,26,150,56,100,54,113,116,124,160,45,121];True;2141.0
8936;6556;15492;[50,174,67,36,149,83,59,57,132,75,163,133,12,185,86,80,169,84,89,3,161,159,15,135,194,115,46,44,37,190,109,10,184,51,34,91,69,28,8,118,180,53,188,48,92,90,131,148,93,14,178,142,66,61,145,94,13,151,7,38,176,35,97,128,52,2,167,107,123,73,155,65,198,17,82,18,0,95,196,170,77,25,105,4,6,88,70,108,21,106,154,122,197,24,72,78,111,110,171,189,49,127,30,114,182,139,29,137,158,175,85,1,117,120,157,173,186,79,42,27,193,172,39,32,55,125,33,192,165,40,87,181,68,9,103,162,147,23,136,144,156,146,31,143,191,183,164,41,152,130,102,62,5,134,112,104,99,63,74,20,138,168,140,126,16,71,19,98,60,179,47,43,187,76,101,141,11,58,64,96,177,199,166,22,195,119,81,153,129,26,150,56,100,54,113,116,124,160,45,121];True;2125.0
9032;6552;15584;[73,174,67,36,149,83,59,57,132,75,163,86,151,185,133,80,169,84,89,3,161,159,15,135,194,115,46,44,37,190,109,10,184,51,34,91,69,28,8,118,180,53,188,48,92,90,131,148,93,14,178,142,66,61,145,94,13,12,7,38,176,35,97,128,52,2,167,107,123,50,155,65,198,17,82,18,0,95,196,170,77,25,105,4,6,88,70,108,21,106,154,122,197,24,72,78,111,110,171,189,49,127,30,114,182,139,29,137,158,175,85,1,117,120,157,173,186,79,42,27,193,172,39,32,55,125,33,192,165,40,87,181,68,9,103,162,147,23,136,144,156,146,31,143,191,183,164,41,152,130,102,62,5,134,112,104,99,63,74,20,138,168,140,126,16,71,19,98,60,179,47,43,187,76,101,141,11,58,64,96,177,199,166,22,195,119,81,153,129,26,150,56,100,54,113,116,124,160,45,121];True;2000.0
9083;6551;15634;[50,174,67,36,149,83,59,57,132,75,163,86,151,185,133,80,169,84,89,3,161,159,15,135,194,115,46,44,37,190,109,10,184,51,34,91,69,28,8,118,180,53,188,48,92,90,131,148,93,14,178,142,66,61,145,94,13,12,7,38,176,35,97,128,52,2,167,107,123,73,155,65,198,17,82,18,0,95,196,170,77,25,105,4,6,88,70,108,21,106,154,122,197,24,72,78,111,110,171,189,49,127,30,114,182,139,29,137,158,175,85,1,117,120,157,173,186,79,42,27,193,172,39,32,55,125,33,192,165,40,87,181,68,9,103,162,147,23,136,144,156,146,31,143,191,183,164,41,152,130,102,62,5,134,112,104,99,63,74,20,138,168,140,126,16,71,19,98,60,179,47,43,187,76,101,141,11,58,64,96,177,199,166,22,195,119,81,153,129,26,150,56,100,54,113,116,124,160,45,121];True;2018.0
9101;6550;15651;[73,174,67,36,149,83,59,57,132,75,137,86,151,185,133,80,169,84,89,3,161,159,15,135,194,115,46,44,37,190,109,10,184,51,34,91,69,28,8,118,180,53,188,48,92,90,131,148,93,14,178,142,66,61,145,94,13,12,7,38,176,35,97,128,52,2,167,107,123,50,155,65,198,17,82,18,0,95,196,170,77,25,105,4,6,88,70,108,21,106,154,122,197,24,72,78,111,110,171,189,49,127,30,114,182,139,29,163,158,175,85,1,117,120,157,173,186,79,42,27,193,172,39,32,55,125,33,192,165,40,87,181,68,9,103,162,147,23,136,144,156,146,31,143,191,183,164,41,152,130,102,62,5,134,112,104,99,63,74,20,138,168,140,126,16,71,19,98,60,179,47,43,187,76,101,141,11,58,64,96,177,199,166,22,195,119,81,153,129,26,150,56,100,54,113,116,124,160,45,121];True;1865.0
9148;6549;15697;[73,174,67,36,149,80,59,98,3,161,163,86,12,185,54,57,169,6,89,23,136,66,15,135,194,115,46,44,37,190,109,10,184,51,34,91,69,28,8,118,180,159,188,48,92,90,131,148,93,14,178,142,191,61,145,94,13,101,7,38,176,35,97,128,52,2,167,107,123,50,155,65,198,17,82,49,133,18,132,170,77,25,105,4,84,88,70,108,21,106,154,122,197,24,72,78,111,110,171,189,130,127,30,114,182,139,29,137,158,175,85,1,117,120,157,173,186,79,42,27,193,172,39,32,55,125,33,192,165,40,87,181,68,9,103,162,147,196,95,144,156,146,31,143,53,183,164,41,75,152,102,62,5,134,112,104,99,63,74,20,138,168,140,126,16,71,19,83,60,179,47,43,187,76,151,141,11,58,64,96,177,199,166,22,195,119,81,153,129,26,150,56,100,0,113,116,124,160,45,121];True;958.0
9150;6548;15698;[73,174,67,36,149,11,59,98,3,161,163,86,12,185,54,57,169,6,89,23,136,66,15,135,194,115,46,44,37,190,109,10,184,51,34,91,69,28,8,118,180,159,188,48,92,90,131,148,93,14,178,142,191,61,145,94,13,101,7,38,176,35,97,128,52,2,167,107,123,50,155,65,198,17,82,49,133,18,132,170,77,25,105,4,84,88,70,108,21,106,154,122,197,24,72,78,111,110,171,189,130,127,30,114,182,139,29,137,158,175,85,1,117,120,157,173,186,79,42,27,193,172,39,32,55,125,33,192,165,40,87,181,68,9,103,162,147,196,95,144,156,146,31,143,53,183,164,41,75,152,102,62,5,134,112,104,99,63,74,20,138,168,140,126,16,71,19,83,60,179,47,43,187,76,151,141,80,58,64,96,177,199,166,22,195,119,81,153,129,26,150,56,100,0,113,116,124,160,45,121];True;1043.0
9171;6547;15718;[73,174,67,36,149,83,59,57,132,75,163,86,12,185,133,98,169,6,89,3,161,159,15,135,194,115,46,44,37,190,109,10,184,51,34,91,69,28,8,118,180,53,188,48,92,90,131,148,93,14,178,142,66,61,145,94,13,151,7,38,176,35,97,128,52,2,167,107,123,50,155,65,198,17,82,18,0,95,196,170,77,25,105,4,84,88,70,108,21,106,154,122,197,24,72,78,111,110,171,189,49,127,30,114,182,139,29,137,158,175,85,1,117,120,157,173,186,79,42,27,193,172,39,32,55,125,33,192,165,40,87,181,68,9,103,162,147,23,136,144,156,146,31,143,191,183,164,41,152,130,102,62,5,134,112,104,99,63,74,20,138,168,140,126,16,71,19,80,60,179,47,43,187,76,101,141,11,58,64,96,177,199,166,22,195,119,81,153,129,26,150,56,100,54,113,116,124,160,45,121];True;1513.0
9183;6544;15727;[73,174,67,36,149,80,59,57,132,75,137,86,151,185,133,98,169,84,89,3,161,159,15,135,194,115,46,44,37,190,109,10,184,51,34,91,69,28,8,118,180,53,188,48,92,90,131,148,93,14,178,142,66,61,145,94,13,12,7,38,176,35,97,128,52,2,167,107,123,50,155,65,198,17,82,18,0,95,196,170,77,25,105,4,6,88,70,108,21,106,154,122,197,24,72,78,111,110,171,189,49,127,30,114,182,139,29,163,158,175,85,1,117,120,157,173,186,79,42,27,193,172,39,32,55,125,33,192,165,40,87,181,68,9,103,162,147,23,136,144,156,146,31,143,191,183,164,41,152,130,102,62,5,134,112,104,99,63,74,20,138,168,140,126,16,71,19,83,60,179,47,43,187,76,101,141,11,58,64,96,177,199,166,22,195,119,81,153,129,26,150,56,100,54,113,116,124,160,45,121];True;1784.0
9185;6543;15728;[73,174,67,36,149,11,59,57,132,75,137,86,151,185,133,98,169,84,89,3,161,159,15,135,194,115,46,44,37,190,109,10,184,51,34,91,69,28,8,118,180,53,188,48,92,90,131,148,93,14,178,142,66,61,145,94,13,12,7,38,176,35,97,128,52,2,167,107,123,50,155,65,198,17,82,18,0,95,196,170,77,25,105,4,6,88,70,108,21,106,154,122,197,24,72,78,111,110,171,189,49,127,30,114,182,139,29,163,158,175,85,1,117,120,157,173,186,79,42,27,193,172,39,32,55,125,33,192,165,40,87,181,68,9,103,162,147,23,136,144,156,146,31,143,191,183,164,41,152,130,102,62,5,134,112,104,99,63,74,20,138,168,140,126,16,71,19,83,60,179,47,43,187,76,101,141,80,58,64,96,177,199,166,22,195,119,81,153,129,26,150,56,100,54,113,116,124,160,45,121];True;1763.0
9236;6542;15778;[50,174,67,36,149,11,59,57,132,75,137,86,151,185,133,98,169,84,89,3,161,159,15,135,194,115,46,44,37,190,109,10,184,51,34,91,69,28,8,118,180,53,188,48,92,90,131,148,93,14,178,142,66,61,145,94,13,12,7,38,176,35,97,128,52,2,167,107,123,73,155,65,198,17,82,18,0,95,196,170,77,25,105,4,6,88,70,108,21,106,154,122,197,24,72,78,111,110,171,189,49,127,30,114,182,139,29,163,158,175,85,1,117,120,157,173,186,79,42,27,193,172,39,32,55,125,33,192,165,40,87,181,68,9,103,162,147,23,136,144,156,146,31,143,191,183,164,41,152,130,102,62,5,134,112,104,99,63,74,20,138,168,140,126,16,71,19,83,60,179,47,43,187,76,101,141,80,58,64,96,177,199,166,22,195,119,81,153,129,26,150,56,100,54,113,116,124,160,45,121];True;1743.0
9238;6541;15779;[73,174,67,36,149,80,59,57,132,75,163,86,12,185,133,98,169,6,89,3,161,159,15,135,194,115,46,44,37,190,109,10,184,51,34,91,69,28,8,118,180,53,188,48,92,90,131,148,93,14,178,142,66,61,145,94,13,151,7,38,176,35,97,128,52,2,167,107,123,50,155,65,198,17,82,18,0,95,196,170,77,25,105,4,84,88,70,108,21,106,154,122,197,24,72,78,111,110,171,189,49,127,30,114,182,139,29,137,158,175,85,1,117,120,157,173,186,79,42,27,193,172,39,32,55,125,33,192,165,40,87,181,68,9,103,162,147,23,136,144,156,146,31,143,191,183,164,41,152,130,102,62,5,134,112,104,99,63,74,20,138,168,140,126,16,71,19,83,60,179,47,43,187,76,101,141,11,58,64,96,177,199,166,22,195,119,81,153,129,26,150,56,100,54,113,116,124,160,45,121];True;1533.0
9240;6540;15780;[73,174,67,36,149,11,59,57,132,75,163,86,12,185,133,98,169,6,89,3,161,159,15,135,194,115,46,44,37,190,109,10,184,51,34,91,69,28,8,118,180,53,188,48,92,90,131,148,93,14,178,142,66,61,145,94,13,151,7,38,176,35,97,128,52,2,167,107,123,50,155,65,198,17,82,18,0,95,196,170,77,25,105,4,84,88,70,108,21,106,154,122,197,24,72,78,111,110,171,189,49,127,30,114,182,139,29,137,158,175,85,1,117,120,157,173,186,79,42,27,193,172,39,32,55,125,33,192,165,40,87,181,68,9,103,162,147,23,136,144,156,146,31,143,191,183,164,41,152,130,102,62,5,134,112,104,99,63,74,20,138,168,140,126,16,71,19,83,60,179,47,43,187,76,101,141,80,58,64,96,177,199,166,22,195,119,81,153,129,26,150,56,100,54,113,116,124,160,45,121];True;1552.0
9266;6539;15805;[73,174,67,36,149,11,59,57,132,75,163,86,151,185,133,98,169,6,89,3,161,159,15,135,194,115,46,44,37,190,109,10,184,51,34,91,69,28,8,118,180,53,188,48,92,90,131,148,93,14,178,142,66,61,145,94,13,12,7,38,176,35,97,128,52,2,167,107,123,50,155,65,198,17,82,18,0,95,196,170,77,25,105,4,84,88,70,108,21,106,154,122,197,24,72,78,111,110,171,189,49,127,30,114,182,139,29,137,158,175,85,1,117,120,157,173,186,79,42,27,193,172,39,32,55,125,33,192,165,40,87,181,68,9,103,162,147,23,136,144,156,146,31,143,191,183,164,41,152,130,102,62,5,134,112,104,99,63,74,20,138,168,140,126,16,71,19,83,60,179,47,43,187,76,101,141,80,58,64,96,177,199,166,22,195,119,81,153,129,26,150,56,100,54,113,116,124,160,45,121];True;1682.0
9317;6538;15855;[50,174,67,36,149,11,59,57,132,75,163,86,151,185,133,98,169,6,89,3,161,159,15,135,194,115,46,44,37,190,109,10,184,51,34,91,69,28,8,118,180,53,188,48,92,90,131,148,93,14,178,142,66,61,145,94,13,12,7,38,176,35,97,128,52,2,167,107,123,73,155,65,198,17,82,18,0,95,196,170,77,25,105,4,84,88,70,108,21,106,154,122,197,24,72,78,111,110,171,189,49,127,30,114,182,139,29,137,158,175,85,1,117,120,157,173,186,79,42,27,193,172,39,32,55,125,33,192,165,40,87,181,68,9,103,162,147,23,136,144,156,146,31,143,191,183,164,41,152,130,102,62,5,134,112,104,99,63,74,20,138,168,140,126,16,71,19,83,60,179,47,43,187,76,101,141,80,58,64,96,177,199,166,22,195,119,81,153,129,26,150,56,100,54,113,116,124,160,45,121];True;1663.0
9335;6537;15872;[73,174,67,36,149,11,59,57,132,75,137,86,151,185,133,98,169,6,89,3,161,159,15,135,194,115,46,44,37,190,109,10,184,51,34,91,69,28,8,118,180,53,188,48,92,90,131,148,93,14,178,142,66,61,145,94,13,12,7,38,176,35,97,128,52,2,167,107,123,50,155,65,198,17,82,18,0,95,196,170,77,25,105,4,84,88,70,108,21,106,154,122,197,24,72,78,111,110,171,189,49,127,30,114,182,139,29,163,158,175,85,1,117,120,157,173,186,79,42,27,193,172,39,32,55,125,33,192,165,40,87,181,68,9,103,162,147,23,136,144,156,146,31,143,191,183,164,41,152,130,102,62,5,134,112,104,99,63,74,20,138,168,140,126,16,71,19,83,60,179,47,43,187,76,101,141,80,58,64,96,177,199,166,22,195,119,81,153,129,26,150,56,100,54,113,116,124,160,45,121];True;1702.0
9386;6536;15922;[50,174,67,36,149,11,59,57,132,75,137,86,151,185,133,98,169,6,89,3,161,159,15,135,194,115,46,44,37,190,109,10,184,51,34,91,69,28,8,118,180,53,188,48,92,90,131,148,93,14,178,142,66,61,145,94,13,12,7,38,176,35,97,128,52,2,167,107,123,73,155,65,198,17,82,18,0,95,196,170,77,25,105,4,84,88,70,108,21,106,154,122,197,24,72,78,111,110,171,189,49,127,30,114,182,139,29,163,158,175,85,1,117,120,157,173,186,79,42,27,193,172,39,32,55,125,33,192,165,40,87,181,68,9,103,162,147,23,136,144,156,146,31,143,191,183,164,41,152,130,102,62,5,134,112,104,99,63,74,20,138,168,140,126,16,71,19,83,60,179,47,43,187,76,101,141,80,58,64,96,177,199,166,22,195,119,81,153,129,26,150,56,100,54,113,116,124,160,45,121];True;1723.0
9440;6531;15971;[73,174,23,136,149,80,59,57,132,75,163,86,151,185,133,98,169,6,89,3,161,159,15,135,194,115,46,44,37,190,109,10,184,51,34,91,69,28,8,118,180,53,188,48,92,90,131,148,93,14,178,142,66,61,145,94,13,12,7,38,176,35,97,128,52,2,167,107,123,50,155,65,198,17,82,18,0,36,196,170,77,25,105,4,84,88,70,108,21,106,154,122,197,24,72,78,111,110,171,189,49,127,30,114,182,139,29,137,158,175,85,1,117,120,157,173,186,79,42,27,193,172,39,32,55,125,33,192,165,40,87,181,68,9,103,162,147,67,95,144,156,146,31,143,191,183,164,41,152,130,102,62,5,134,112,104,99,63,74,20,138,168,140,126,16,71,19,83,60,179,47,43,187,76,101,141,11,58,64,96,177,199,166,22,195,119,81,153,129,26,150,56,100,54,113,116,124,160,45,121];True;1370.0
9491;6530;16021;[50,174,23,136,149,80,59,57,132,75,163,86,151,185,133,98,169,6,89,3,161,159,15,135,194,115,46,44,37,190,109,10,184,51,34,91,69,28,8,118,180,53,188,48,92,90,131,148,93,14,178,142,66,61,145,94,13,12,7,38,176,35,97,128,52,2,167,107,123,73,155,65,198,17,82,18,0,36,196,170,77,25,105,4,84,88,70,108,21,106,154,122,197,24,72,78,111,110,171,189,49,127,30,114,182,139,29,137,158,175,85,1,117,120,157,173,186,79,42,27,193,172,39,32,55,125,33,192,165,40,87,181,68,9,103,162,147,67,95,144,156,146,31,143,191,183,164,41,152,130,102,62,5,134,112,104,99,63,74,20,138,168,140,126,16,71,19,83,60,179,47,43,187,76,101,141,11,58,64,96,177,199,166,22,195,119,81,153,129,26,150,56,100,54,113,116,124,160,45,121];True;1347.0
9737;6529;16266;[73,174,23,136,149,18,59,57,132,152,163,86,12,185,0,98,169,6,89,3,161,159,15,135,194,115,46,44,37,190,109,10,184,51,34,91,69,28,8,118,180,191,188,48,92,90,131,148,93,14,178,142,66,61,145,94,13,101,7,38,176,35,97,128,52,2,167,107,123,50,155,65,198,17,82,49,133,36,196,170,77,25,105,4,84,88,70,108,21,106,154,122,197,24,72,78,111,110,171,189,80,127,30,114,182,139,29,137,158,175,85,1,117,120,157,173,186,79,42,27,193,172,39,32,55,125,33,192,165,40,87,181,68,9,103,162,147,67,95,144,156,146,31,143,53,183,164,41,75,130,102,62,5,134,112,104,99,63,74,20,138,168,140,126,16,71,19,83,60,179,47,43,187,76,151,141,11,58,64,96,177,199,166,22,195,119,81,153,129,26,150,56,100,54,113,116,124,160,45,121];True;1100.0
9780;6528;16308;[73,174,23,136,149,36,59,57,132,152,163,86,12,185,0,98,169,6,89,3,161,159,15,135,194,115,46,44,37,190,109,10,184,51,34,91,69,28,8,118,180,191,188,48,92,90,131,148,93,14,178,142,66,61,145,94,13,101,7,38,176,35,97,128,52,2,167,107,123,50,155,65,198,17,82,49,133,18,196,170,77,25,105,4,84,88,70,108,21,106,154,122,197,24,72,78,111,110,171,189,80,127,30,114,182,139,29,137,158,175,85,1,117,120,157,173,186,79,42,27,193,172,39,32,55,125,33,192,165,40,87,181,68,9,103,162,147,67,95,144,156,146,31,143,53,183,164,41,75,130,102,62,5,134,112,104,99,63,74,20,138,168,140,126,16,71,19,83,60,179,47,43,187,76,151,141,11,58,64,96,177,199,166,22,195,119,81,153,129,26,150,56,100,54,113,116,124,160,45,121];True;959.0
9831;6527;16358;[50,174,23,136,149,36,59,57,132,152,163,86,12,185,0,98,169,6,89,3,161,159,15,135,194,115,46,44,37,190,109,10,184,51,34,91,69,28,8,118,180,191,188,48,92,90,131,148,93,14,178,142,66,61,145,94,13,101,7,38,176,35,97,128,52,2,167,107,123,73,155,65,198,17,82,49,133,18,196,170,77,25,105,4,84,88,70,108,21,106,154,122,197,24,72,78,111,110,171,189,80,127,30,114,182,139,29,137,158,175,85,1,117,120,157,173,186,79,42,27,193,172,39,32,55,125,33,192,165,40,87,181,68,9,103,162,147,67,95,144,156,146,31,143,53,183,164,41,75,130,102,62,5,134,112,104,99,63,74,20,138,168,140,126,16,71,19,83,60,179,47,43,187,76,151,141,11,58,64,96,177,199,166,22,195,119,81,153,129,26,150,56,100,54,113,116,124,160,45,121];True;987.0
